2 0.710417 0.45463 0.078125 0.0537037 42
2 0.41849 0.689815 0.0890625 0.142593 73
2 0.815885 0.430093 0.0932292 0.0675926 87
2 0.276042 0.262037 0.0322917 0.0333333 5
2 0.252865 0.243056 0.0317708 0.0361111 7
2 0.211458 0.215741 0.0333333 0.0351852 43
2 0.267969 0.3875 0.0484375 0.0675926 90
2 0.177083 0.191667 0.0229167 0.0277778 106
2 0.00520833 0.0537037 0.0104167 0.0148148 2
2 0.154167 0.170833 0.01875 0.0231481 15
2 0.170052 0.377315 0.0380208 0.0527778 105
2 0.141146 0.160648 0.0197917 0.0231481 91
