2 0.83776 0.800926 0.133854 0.133333 1
2 0.760417 0.857407 0.1125 0.125926 2
2 0.59401 0.678241 0.0880208 0.0898148 3
2 0.115104 0.260185 0.0302083 0.037037 4
2 0.275521 0.2625 0.0322917 0.0324074 5
2 0.185677 0.467593 0.0515625 0.0722222 6
2 0.252865 0.243056 0.0328125 0.037963 7
2 0.141667 0.289815 0.0354167 0.0407407 8
2 0.0606771 0.180093 0.0244792 0.0305556 14
2 0.0736979 0.1 0.0140625 0.0166667 11
2 0.141146 0.160185 0.0208333 0.0240741 9
2 0.176302 0.191667 0.0234375 0.0277778 12
2 0.194271 0.365741 0.0354167 0.0611111 10
2 0.211719 0.215741 0.0328125 0.0351852 15
