2 0.709896 0.454167 0.078125 0.0527778 42
2 0.815365 0.430093 0.0932292 0.0675926 87
2 0.43125 0.708333 0.0916667 0.146296 73
2 0.276042 0.262037 0.0333333 0.0333333 5
2 0.252865 0.242593 0.0328125 0.037037 7
2 0.269271 0.390278 0.0489583 0.0675926 90
2 0.0523438 0.101389 0.0161458 0.0194444 55
2 0.211198 0.215741 0.0338542 0.0351852 43
2 0.177083 0.191204 0.0239583 0.0287037 106
2 0.0046875 0.0527778 0.009375 0.0148148 2
2 0.153906 0.170833 0.0192708 0.0231481 15
2 0.174219 0.385185 0.0380208 0.0537037 105
2 0.130469 0.149537 0.0213542 0.025 91
