2 0.531771 0.600463 0.0770833 0.0861111 55
2 0.728646 0.451389 0.0760417 0.0527778 42
2 0.299479 0.521296 0.059375 0.0740741 4
2 0.276042 0.2625 0.0322917 0.0324074 5
2 0.146615 0.201389 0.0223958 0.025 2
2 0.524219 0.839815 0.128646 0.153704 8
2 0.253125 0.243519 0.0333333 0.037037 7
2 0.177083 0.19213 0.0239583 0.0287037 15
2 0.0697917 0.120833 0.0333333 0.0194444 57
2 0.0596354 0.176852 0.0244792 0.0333333 60
2 0.211719 0.215741 0.0328125 0.0351852 43
2 0.196354 0.205093 0.0270833 0.0268519 50
2 0.140625 0.160648 0.0208333 0.0231481 62
2 0.183854 0.352315 0.0385417 0.0527778 13
