2 0.905469 0.475463 0.0838542 0.0675926 1
2 0.315365 0.383333 0.0442708 0.0462963 3
2 0.436458 0.921759 0.113542 0.150926 6
2 0.297656 0.502778 0.0588542 0.0833333 29
2 0.160938 0.420833 0.04375 0.0601852 33
2 0.444792 0.5125 0.0583333 0.0675926 2
2 0.275521 0.2625 0.03125 0.0324074 5
2 0.122396 0.270833 0.03125 0.0398148 4
2 0.252344 0.243519 0.0328125 0.037037 7
2 0.211458 0.216204 0.0333333 0.0361111 15
2 0.16224 0.322222 0.0390625 0.0462963 8
2 0.216146 0.39537 0.053125 0.0740741 10
2 0.0984375 0.226389 0.0260417 0.0342593 13
2 0.264323 0.59537 0.0671875 0.12037 26
2 0.0731771 0.1 0.0140625 0.0166667 11
2 0.154688 0.172222 0.01875 0.0240741 12
2 0.140885 0.160648 0.0203125 0.0231481 9
