2 0.59375 0.669907 0.0885417 0.0953704 55
2 0.740365 0.450926 0.0755208 0.0518519 42
2 0.277083 0.487963 0.0572917 0.0703704 4
2 0.276042 0.2625 0.0322917 0.0324074 5
2 0.0833333 0.12037 0.0322917 0.0203704 57
2 0.253125 0.243519 0.0333333 0.037037 7
2 0.109375 0.161574 0.0197917 0.0231481 3
2 0.211719 0.215741 0.0328125 0.0351852 43
2 0.0588542 0.174537 0.021875 0.0324074 60
2 0.15625 0.209722 0.0229167 0.0287037 2
2 0.171875 0.335185 0.0364583 0.0518519 13
2 0.177083 0.19213 0.025 0.0287037 15
2 0.140885 0.160648 0.0203125 0.0231481 62
