2 0.709896 0.454167 0.078125 0.0527778 42
2 0.815365 0.430093 0.0932292 0.0675926 87
2 0.275781 0.2625 0.0328125 0.0324074 5
2 0.473698 0.771296 0.101562 0.168519 73
2 0.252865 0.24213 0.0317708 0.0361111 7
2 0.0494792 0.0981481 0.015625 0.0185185 55
2 0.273958 0.395833 0.0510417 0.0675926 90
2 0.186979 0.411111 0.0395833 0.0574074 105
2 0.177083 0.191204 0.0239583 0.0287037 106
2 0.153906 0.170833 0.0192708 0.0231481 15
2 0.211458 0.215741 0.0333333 0.0351852 43
2 0.0739583 0.1 0.0145833 0.0166667 94
