2 0.285677 0.634722 0.0661458 0.100926 33
2 0.967708 0.409722 0.0635417 0.0490741 42
2 0.284635 0.344907 0.0369792 0.0453704 2
2 0.202083 0.259259 0.0291667 0.0333333 3
2 0.276042 0.2625 0.0322917 0.0324074 5
2 0.548438 0.853704 0.108333 0.17037 29
2 0.332292 0.553704 0.0760417 0.101852 10
2 0.252865 0.243519 0.0328125 0.037037 7
2 0.154688 0.315741 0.0354167 0.0444444 4
2 0.211979 0.215741 0.0333333 0.0351852 43
2 0.108854 0.25 0.03125 0.0296296 13
2 0.141146 0.160648 0.0208333 0.0231481 9
2 0.222656 0.414815 0.0536458 0.0666667 8
