2 0.710417 0.45463 0.078125 0.0537037 42
2 0.276042 0.262963 0.0322917 0.0314815 5
2 0.473177 0.760648 0.113021 0.158333 101
2 0.251563 0.448611 0.0552083 0.087963 73
2 0.252865 0.243056 0.0328125 0.037963 7
2 0.219271 0.331944 0.0427083 0.0583333 90
2 0.0768229 0.127315 0.0182292 0.0231481 55
2 0.819531 0.428704 0.0932292 0.0685185 87
2 0.0177083 0.0671296 0.0114583 0.0157407 2
2 0.211719 0.215741 0.0328125 0.0351852 43
2 0.153906 0.171296 0.0192708 0.0222222 15
2 0.00364583 0.0532407 0.00729167 0.012037 3
2 0.177083 0.191667 0.0239583 0.0277778 106
2 0.111979 0.262963 0.028125 0.0407407 105
2 0.19401 0.204167 0.0223958 0.0268519 94
