2 0.659635 0.746296 0.0921875 0.101852 2
2 0.230208 0.545833 0.059375 0.0842593 6
2 0.48099 0.556481 0.0692708 0.0703704 3
2 0.115104 0.261111 0.0302083 0.037037 4
2 0.27526 0.262963 0.0328125 0.0314815 5
2 0.692448 0.602778 0.0557292 0.0907407 1
2 0.252604 0.243519 0.0322917 0.037037 7
2 0.142969 0.291204 0.0369792 0.0435185 8
2 0.170052 0.327778 0.0442708 0.0592593 10
2 0.0981771 0.225926 0.0265625 0.0333333 13
2 0.153906 0.170833 0.0192708 0.025 12
2 0.140625 0.160185 0.0208333 0.0240741 9
2 0.0729167 0.1 0.015625 0.0166667 11
2 0.176302 0.191667 0.0234375 0.0277778 15
