2 0.833333 0.433333 0.0760417 0.05 42
2 0.305469 0.532407 0.0723958 0.0777778 8
2 0.149479 0.202778 0.0239583 0.0277778 3
2 0.276042 0.262963 0.0322917 0.0314815 5
2 0.13125 0.275463 0.03125 0.0435185 13
2 0.19375 0.374537 0.0375 0.0527778 4
2 0.505469 0.800926 0.119271 0.162963 10
2 0.211979 0.215741 0.0322917 0.0351852 43
2 0.253125 0.243519 0.0322917 0.037037 7
2 0.215104 0.27037 0.0291667 0.037037 2
2 0.130729 0.149074 0.0208333 0.0240741 50
2 0.177083 0.191667 0.0239583 0.0277778 15
2 0.0986979 0.23287 0.0276042 0.0398148 52
