2 0.551562 0.621759 0.0802083 0.0898148 55
2 0.732292 0.451852 0.0760417 0.0518519 42
2 0.290625 0.509722 0.0583333 0.0731481 4
2 0.276042 0.2625 0.0322917 0.0324074 5
2 0.14974 0.203704 0.0234375 0.0277778 2
2 0.179688 0.346296 0.0385417 0.0537037 13
2 0.253125 0.243519 0.0333333 0.037037 7
2 0.50599 0.815741 0.122396 0.142593 8
2 0.176823 0.19213 0.0244792 0.0287037 15
2 0.0596354 0.175463 0.0223958 0.0324074 60
2 0.0739583 0.12037 0.0322917 0.0203704 57
2 0.211719 0.215741 0.0328125 0.0351852 43
2 0.10651 0.15787 0.0192708 0.0212963 3
2 0.12474 0.270833 0.0338542 0.0453704 52
