2 0.298177 0.678241 0.0744792 0.119444 6
2 0.551823 0.627778 0.0734375 0.0833333 2
2 0.395313 0.467593 0.05625 0.0555556 3
2 0.115365 0.261574 0.0307292 0.037963 4
2 0.27526 0.262963 0.0328125 0.0314815 5
2 0.252344 0.242593 0.0328125 0.037037 7
2 0.148438 0.300463 0.0375 0.0435185 8
2 0.775781 0.51713 0.119271 0.0898148 1
2 0.0731771 0.1 0.0151042 0.0166667 11
2 0.153906 0.171296 0.0192708 0.0240741 12
2 0.141146 0.160648 0.0208333 0.0231481 9
2 0.242448 0.424074 0.0442708 0.0703704 29
2 0.0981771 0.225926 0.0255208 0.0333333 13
2 0.176042 0.191667 0.0239583 0.0296296 15
2 0.367188 0.598148 0.06875 0.101852 27
2 0.186719 0.349074 0.0473958 0.0685185 10
