2 0.78151 0.747685 0.119271 0.121296 1
2 0.745833 0.840741 0.109375 0.12037 2
2 0.571615 0.654167 0.0838542 0.0861111 3
2 0.115365 0.260185 0.0307292 0.037037 4
2 0.275781 0.2625 0.0328125 0.0324074 5
2 0.190104 0.480093 0.0479167 0.0731481 6
2 0.253125 0.243519 0.0322917 0.037037 7
2 0.142187 0.289815 0.0354167 0.0407407 8
2 0.0601563 0.17963 0.0244792 0.0314815 14
2 0.0734375 0.1 0.0145833 0.0166667 11
2 0.176563 0.191204 0.0239583 0.0287037 12
2 0.0986979 0.225463 0.0265625 0.0342593 13
2 0.141146 0.160185 0.0208333 0.0240741 9
2 0.195052 0.366667 0.0348958 0.0592593 10
