2 0.710156 0.45463 0.0776042 0.0537037 42
2 0.35026 0.589352 0.0734375 0.115741 73
2 0.815885 0.42963 0.0932292 0.0666667 87
2 0.276042 0.2625 0.0322917 0.0324074 5
2 0.254948 0.372685 0.0473958 0.0638889 90
2 0.147917 0.33287 0.0333333 0.0453704 105
2 0.0606771 0.109722 0.0171875 0.0212963 55
2 0.253125 0.242593 0.0322917 0.037037 7
2 0.00911458 0.0578704 0.0119792 0.0138889 2
2 0.140625 0.159722 0.0197917 0.025 91
2 0.176302 0.191667 0.0223958 0.0277778 106
2 0.195312 0.203704 0.025 0.0277778 94
