2 0.954688 0.465741 0.0833333 0.0666667 1
2 0.296875 0.363889 0.0416667 0.0444444 3
2 0.31849 0.531019 0.0619792 0.0898148 29
2 0.275781 0.2625 0.0317708 0.0324074 5
2 0.125 0.274537 0.0322917 0.0398148 4
2 0.172135 0.438889 0.0453125 0.062963 33
2 0.0986979 0.228704 0.0276042 0.0388889 13
2 0.41849 0.484722 0.0536458 0.0638889 2
2 0.211458 0.215741 0.0333333 0.0351852 15
2 0.252083 0.243519 0.0322917 0.0351852 7
2 0.529948 0.823148 0.0994792 0.155556 27
2 0.140885 0.160185 0.0203125 0.0240741 9
