2 0.710417 0.45463 0.078125 0.0537037 42
2 0.276042 0.262963 0.0322917 0.0314815 5
2 0.221354 0.333796 0.0427083 0.0564815 90
2 0.113542 0.266667 0.028125 0.0388889 105
2 0.253125 0.243056 0.0333333 0.037963 7
2 0.0763021 0.127315 0.0182292 0.0212963 55
2 0.81901 0.428704 0.0932292 0.0685185 87
2 0.254948 0.451852 0.0567708 0.0925926 73
2 0.00364583 0.0532407 0.00729167 0.012037 3
2 0.211719 0.215741 0.0328125 0.0351852 43
2 0.153906 0.171296 0.0192708 0.0222222 15
2 0.177083 0.191667 0.0239583 0.0277778 106
2 0.483854 0.772222 0.114583 0.168519 101
2 0.0171875 0.0662037 0.0125 0.0157407 2
2 0.141146 0.160185 0.0208333 0.0240741 91
