2 0.508073 0.575926 0.0723958 0.0814815 55
2 0.72526 0.452315 0.0765625 0.0527778 42
2 0.310677 0.536111 0.0598958 0.0777778 4
2 0.276042 0.2625 0.0322917 0.0324074 5
2 0.0635417 0.121759 0.03125 0.0194444 57
2 0.142448 0.196759 0.0223958 0.025 2
2 0.252865 0.243519 0.0328125 0.037037 7
2 0.0606771 0.177778 0.0234375 0.0333333 60
2 0.189844 0.359259 0.0401042 0.0555556 13
2 0.176823 0.191667 0.0244792 0.0277778 15
2 0.211719 0.215741 0.0328125 0.0351852 43
2 0.102083 0.152315 0.0197917 0.0231481 3
2 0.195833 0.20463 0.0270833 0.0259259 50
