2 0.726823 0.452315 0.0765625 0.0527778 42
2 0.517188 0.585648 0.0739583 0.0842593 55
2 0.30599 0.530556 0.0598958 0.0759259 4
2 0.276042 0.2625 0.0322917 0.0324074 5
2 0.0661458 0.121296 0.0333333 0.0203704 57
2 0.253125 0.243519 0.0333333 0.037037 7
2 0.14401 0.198611 0.0223958 0.0268519 2
2 0.103385 0.153241 0.0192708 0.0212963 3
2 0.177083 0.19213 0.0239583 0.0287037 15
2 0.0604167 0.177315 0.0229167 0.0324074 60
2 0.211719 0.215741 0.0328125 0.0351852 43
2 0.18776 0.356944 0.0401042 0.0564815 13
2 0.538281 0.859259 0.131771 0.159259 8
2 0.196094 0.204167 0.0265625 0.0268519 50
