2 0.710156 0.45463 0.0786458 0.0537037 42
2 0.276042 0.2625 0.0322917 0.0324074 5
2 0.934375 0.408796 0.0885417 0.0657407 87
2 0.136979 0.188426 0.0239583 0.0287037 55
2 0.583594 0.913889 0.139063 0.17037 76
2 0.252865 0.243056 0.0328125 0.037963 7
2 0.120052 0.241204 0.0338542 0.0435185 90
2 0.211458 0.215741 0.0333333 0.0351852 43
2 0.0445313 0.0939815 0.0140625 0.0175926 2
2 0.0630208 0.181481 0.0229167 0.0277778 92
2 0.176823 0.19213 0.0234375 0.0268519 15
2 0.135677 0.285185 0.0359375 0.0518519 73
2 0.0291667 0.0787037 0.0135417 0.0148148 3
2 0.0734375 0.099537 0.0145833 0.0175926 93
