2 0.710677 0.454167 0.0776042 0.0527778 42
2 0.275781 0.262963 0.0328125 0.0314815 5
2 0.364063 0.423148 0.05 0.0592593 55
2 0.113802 0.166204 0.0203125 0.0231481 2
2 0.253125 0.443519 0.05 0.0759259 13
2 0.253125 0.243519 0.0333333 0.037037 7
2 0.447135 0.731944 0.0880208 0.125 4
2 0.0880208 0.134259 0.0177083 0.0203704 3
2 0.177083 0.191667 0.0239583 0.0277778 15
2 0.211979 0.215741 0.0322917 0.0351852 43
2 0.154167 0.171296 0.0197917 0.0222222 50
2 0.195312 0.204167 0.025 0.0268519 64
2 0.06875 0.188426 0.0239583 0.0342593 60
