2 0.9625 0.462963 0.0739583 0.0666667 1
2 0.292187 0.359259 0.0416667 0.0425926 3
2 0.275521 0.2625 0.03125 0.0324074 5
2 0.175 0.443519 0.0458333 0.062963 33
2 0.125521 0.275926 0.0322917 0.0388889 4
2 0.251823 0.243981 0.0328125 0.0361111 7
2 0.542708 0.841204 0.101042 0.160185 27
2 0.0986979 0.228241 0.0276042 0.037963 13
2 0.211458 0.216204 0.0333333 0.0361111 15
2 0.413281 0.478241 0.0557292 0.062037 2
2 0.0731771 0.1 0.0140625 0.0166667 11
2 0.32474 0.540278 0.0630208 0.0898148 29
2 0.315625 0.526852 0.0458333 0.0685185 10
