2 0.33099 0.550463 0.0619792 0.0916667 13
2 0.710156 0.45463 0.0786458 0.0537037 42
2 0.29375 0.350463 0.040625 0.0490741 55
2 0.276042 0.262037 0.0322917 0.0333333 5
2 0.0960938 0.146759 0.0182292 0.0231481 2
2 0.253125 0.243519 0.0333333 0.0388889 7
2 0.211979 0.215741 0.0333333 0.037037 43
2 0.626823 0.951389 0.116146 0.0953704 4
2 0.0752604 0.120833 0.0171875 0.0212963 3
2 0.0559896 0.174074 0.0192708 0.0296296 67
2 0.177344 0.19213 0.0234375 0.0268519 15
2 0.195573 0.204167 0.0255208 0.0287037 64
