2 0.709635 0.45463 0.0786458 0.0537037 42
2 0.275521 0.2625 0.0322917 0.0324074 5
2 0.252344 0.243056 0.0338542 0.037963 7
2 0.0260417 0.075463 0.0125 0.0157407 2
2 0.0934896 0.144907 0.0192708 0.025 55
2 0.34401 0.575926 0.0796875 0.105556 101
2 0.185677 0.298148 0.0411458 0.0518519 90
2 0.211198 0.215278 0.0328125 0.0361111 43
2 0.153646 0.171296 0.01875 0.0240741 15
2 0.0734375 0.1 0.0135417 0.0166667 93
2 0.19401 0.374074 0.0359375 0.0685185 73
2 0.194792 0.203704 0.025 0.0277778 94
2 0.0106771 0.062037 0.0119792 0.012963 3
