2 0.888802 0.423611 0.0723958 0.0490741 42
2 0.37474 0.802315 0.0848958 0.139815 33
2 0.120313 0.260185 0.0291667 0.0425926 13
2 0.242708 0.3 0.0322917 0.0407407 2
2 0.276042 0.2625 0.0322917 0.0324074 5
2 0.264062 0.474537 0.0625 0.0675926 8
2 0.169531 0.225926 0.0265625 0.0296296 3
2 0.252865 0.243056 0.0317708 0.0361111 7
2 0.211979 0.215741 0.034375 0.0351852 43
2 0.411719 0.667593 0.0953125 0.12963 10
2 0.17474 0.34537 0.0380208 0.0481481 4
2 0.141146 0.160648 0.0208333 0.0231481 9
2 0.0734375 0.1 0.0145833 0.0166667 46
2 0.154167 0.170833 0.0197917 0.0231481 15
