2 0.710417 0.45463 0.078125 0.0537037 42
2 0.422656 0.696296 0.0890625 0.144444 73
2 0.815885 0.430093 0.0932292 0.0675926 87
2 0.276302 0.262037 0.0328125 0.0333333 5
2 0.253646 0.243056 0.0322917 0.0361111 7
2 0.0539062 0.101852 0.0161458 0.0203704 55
2 0.26875 0.388889 0.0479167 0.0666667 90
2 0.177344 0.191667 0.0234375 0.0277778 106
2 0.211719 0.215741 0.0328125 0.0351852 43
2 0.00520833 0.0537037 0.0104167 0.0148148 2
2 0.171615 0.380093 0.0380208 0.0527778 105
2 0.154427 0.17037 0.0192708 0.0222222 15
2 0.196094 0.20463 0.0255208 0.0277778 94
2 0.13099 0.15 0.0213542 0.0240741 91
