2 0.828906 0.434722 0.0755208 0.0490741 42
2 0.309115 0.537037 0.0744792 0.0777778 8
2 0.276042 0.262963 0.0322917 0.0314815 5
2 0.515365 0.813889 0.121354 0.172222 10
2 0.147396 0.201852 0.025 0.0277778 3
2 0.131771 0.276852 0.03125 0.0444444 13
2 0.195312 0.377778 0.0364583 0.0518519 4
2 0.211719 0.215741 0.0328125 0.0351852 43
2 0.253125 0.243519 0.0322917 0.037037 7
2 0.2125 0.268056 0.0291667 0.0361111 2
2 0.0989583 0.23287 0.028125 0.0398148 52
2 0.141146 0.160185 0.0208333 0.0240741 9
2 0.177083 0.191667 0.0239583 0.0277778 15
2 0.130729 0.149074 0.0208333 0.0240741 50
2 0.0736979 0.1 0.0151042 0.0166667 46
