2 0.582292 0.658333 0.084375 0.0962963 55
2 0.279948 0.493056 0.0546875 0.0694444 4
2 0.7375 0.451389 0.0760417 0.0509259 42
2 0.276042 0.2625 0.0322917 0.0324074 5
2 0.173698 0.3375 0.0369792 0.0527778 13
2 0.108333 0.159722 0.0208333 0.0231481 3
2 0.0809896 0.119907 0.0328125 0.0212963 57
2 0.154427 0.207407 0.0244792 0.0296296 2
2 0.252865 0.243519 0.0328125 0.037037 7
2 0.480208 0.778241 0.114583 0.130556 8
2 0.211719 0.215741 0.0328125 0.0351852 43
2 0.177083 0.19213 0.025 0.0287037 15
2 0.140885 0.160648 0.0203125 0.0231481 62
2 0.0591146 0.174537 0.0223958 0.0324074 60
2 0.121094 0.266204 0.0328125 0.0453704 52
2 0.195833 0.205093 0.0270833 0.0268519 50
