2 0.710417 0.45463 0.078125 0.0537037 42
2 0.276042 0.2625 0.0322917 0.0324074 5
2 0.0789062 0.129167 0.0182292 0.0231481 55
2 0.820833 0.429167 0.0927083 0.0694444 87
2 0.253125 0.243056 0.0333333 0.037963 7
2 0.0190104 0.0685185 0.0119792 0.0148148 2
2 0.246094 0.441667 0.0494792 0.0777778 73
2 0.216146 0.328241 0.0427083 0.0546296 90
2 0.109375 0.258796 0.0270833 0.037963 105
2 0.00442708 0.0541667 0.00885417 0.012037 3
2 0.211458 0.215741 0.0333333 0.0351852 43
2 0.454948 0.734259 0.107812 0.151852 101
2 0.153906 0.170833 0.0192708 0.0231481 15
2 0.177344 0.191667 0.0244792 0.0277778 106
2 0.194531 0.203704 0.0234375 0.0277778 94
