2 0.94349 0.413889 0.0713542 0.05 42
2 0.270313 0.329167 0.0354167 0.0435185 2
2 0.309896 0.67963 0.0708333 0.111111 33
2 0.276042 0.2625 0.0322917 0.0324074 5
2 0.191146 0.248148 0.028125 0.0314815 3
2 0.241146 0.435648 0.0427083 0.0583333 8
2 0.603906 0.916204 0.123437 0.162037 29
2 0.160417 0.324537 0.0354167 0.0453704 4
2 0.252865 0.243519 0.0338542 0.037037 7
2 0.111719 0.249537 0.0307292 0.0398148 13
2 0.211719 0.215741 0.0338542 0.0351852 43
2 0.354167 0.585185 0.08125 0.109259 10
2 0.141146 0.160648 0.0208333 0.0231481 9
2 0.176563 0.19213 0.0229167 0.0268519 15
