2 0.315885 0.540278 0.0671875 0.102778 73
2 0.710417 0.45463 0.078125 0.0537037 42
2 0.276042 0.2625 0.0322917 0.0324074 5
2 0.815885 0.429167 0.0932292 0.0675926 87
2 0.135677 0.308796 0.0307292 0.0435185 105
2 0.0653646 0.114352 0.0161458 0.0212963 55
2 0.253125 0.243056 0.0333333 0.037963 7
2 0.211458 0.215741 0.0333333 0.0351852 43
2 0.176823 0.191667 0.0234375 0.0277778 106
2 0.153906 0.171296 0.0192708 0.0222222 15
2 0.245052 0.361574 0.0453125 0.062037 90
2 0.0111979 0.0601852 0.0109375 0.0148148 2
2 0.63776 0.943056 0.135937 0.112037 101
