2 0.734115 0.451389 0.0765625 0.0509259 42
2 0.560417 0.63287 0.0802083 0.0898148 55
2 0.2875 0.504167 0.05625 0.0712963 4
2 0.151302 0.205556 0.0234375 0.0277778 2
2 0.276042 0.2625 0.0322917 0.0324074 5
2 0.0765625 0.120833 0.0333333 0.0194444 57
2 0.177604 0.343981 0.0385417 0.0527778 13
2 0.253125 0.243519 0.0333333 0.037037 7
2 0.177083 0.19213 0.0239583 0.0287037 15
2 0.211719 0.215741 0.0328125 0.0351852 43
2 0.123437 0.268519 0.0333333 0.0444444 52
2 0.107292 0.158333 0.0197917 0.0222222 3
2 0.0596354 0.175463 0.0223958 0.0324074 60
