2 0.451302 0.524537 0.0640625 0.0657407 3
2 0.115104 0.260648 0.03125 0.037963 4
2 0.622656 0.705093 0.0848958 0.0972222 2
2 0.69974 0.568056 0.0546875 0.0861111 1
2 0.275521 0.262963 0.0322917 0.0314815 5
2 0.252604 0.242593 0.0322917 0.037037 7
2 0.25026 0.582407 0.0598958 0.0925926 6
2 0.145313 0.293519 0.0375 0.0425926 8
2 0.17474 0.334259 0.0453125 0.0611111 10
2 0.0981771 0.225926 0.0265625 0.0333333 13
2 0.175 0.447222 0.0614583 0.0907407 26
2 0.154167 0.171296 0.0197917 0.0240741 12
2 0.141146 0.160185 0.0208333 0.0240741 9
2 0.0731771 0.1 0.0151042 0.0166667 11
2 0.176302 0.191667 0.0244792 0.0296296 15
