2 0.379688 0.615278 0.0729167 0.110185 29
2 0.258073 0.321296 0.0359375 0.0407407 3
2 0.257031 0.448611 0.0598958 0.0861111 10
2 0.36276 0.426389 0.0463542 0.0546296 2
2 0.275781 0.2625 0.0317708 0.0324074 5
2 0.252604 0.243519 0.0333333 0.037037 7
2 0.100781 0.232407 0.0276042 0.0407407 13
2 0.345313 0.761111 0.111458 0.183333 26
2 0.211719 0.216204 0.0328125 0.0361111 15
2 0.132812 0.285185 0.0322917 0.0407407 4
2 0.183594 0.356944 0.0421875 0.0509259 8
2 0.203385 0.491667 0.0515625 0.0703704 33
2 0.141146 0.160185 0.0208333 0.0240741 9
