2 0.45651 0.530093 0.0640625 0.0638889 3
2 0.629948 0.712963 0.0859375 0.0962963 2
2 0.696615 0.574074 0.0526042 0.0851852 1
2 0.27526 0.262963 0.0328125 0.0314815 5
2 0.115104 0.260648 0.0302083 0.0361111 4
2 0.248177 0.575 0.0557292 0.0907407 6
2 0.252604 0.243056 0.0333333 0.037963 7
2 0.173437 0.33287 0.0447917 0.0601852 10
2 0.14375 0.292593 0.0375 0.0425926 8
2 0.140625 0.160648 0.0208333 0.0231481 9
2 0.153646 0.170833 0.0197917 0.025 12
2 0.0979167 0.225463 0.0260417 0.0324074 13
2 0.172917 0.444907 0.059375 0.087963 26
2 0.176563 0.19213 0.025 0.0287037 15
2 0.0729167 0.1 0.015625 0.0166667 11
