2 0.467187 0.763889 0.104167 0.164815 73
2 0.709896 0.454167 0.078125 0.0527778 42
2 0.815365 0.430093 0.0932292 0.0675926 87
2 0.275781 0.2625 0.0328125 0.0324074 5
2 0.252865 0.242593 0.0317708 0.037037 7
2 0.0494792 0.0986111 0.015625 0.0175926 55
2 0.273698 0.394907 0.0505208 0.0675926 90
2 0.185938 0.408333 0.040625 0.0574074 105
2 0.177083 0.191204 0.0239583 0.0287037 106
2 0.153906 0.170833 0.0192708 0.0231481 15
2 0.211458 0.215741 0.0333333 0.0351852 43
2 0.0046875 0.0518519 0.009375 0.0148148 2
2 0.130469 0.149074 0.0213542 0.0240741 91
2 0.0736979 0.099537 0.0140625 0.0175926 94
