2 0.898958 0.422222 0.0729167 0.05 42
2 0.119531 0.258333 0.0296875 0.0425926 13
2 0.248438 0.305556 0.0322917 0.0407407 2
2 0.4 0.648611 0.0916667 0.123148 10
2 0.174219 0.230093 0.0276042 0.0305556 3
2 0.276302 0.262037 0.0328125 0.0333333 5
2 0.253906 0.243519 0.0317708 0.0351852 7
2 0.172135 0.340741 0.0369792 0.0481481 4
2 0.2125 0.215741 0.0333333 0.0351852 43
2 0.177604 0.19213 0.0239583 0.0287037 15
2 0.141146 0.160185 0.0208333 0.0240741 9
2 0.0739583 0.0990741 0.0135417 0.0166667 46
2 0.257812 0.466667 0.0625 0.0685185 8
