2 0.846094 0.431481 0.0661458 0.0518519 42
2 0.463021 0.916667 0.10625 0.159259 33
2 0.152344 0.206944 0.0244792 0.0287037 3
2 0.21875 0.275926 0.0302083 0.0351852 2
2 0.276042 0.262963 0.0322917 0.0314815 5
2 0.191667 0.369444 0.0395833 0.0518519 4
2 0.129167 0.272685 0.03125 0.0435185 13
2 0.4875 0.774074 0.113542 0.157407 10
2 0.253125 0.243519 0.0322917 0.037037 7
2 0.211719 0.215741 0.0328125 0.0351852 43
2 0.296615 0.515741 0.0713542 0.0851852 8
2 0.177865 0.192593 0.0244792 0.0296296 15
2 0.141146 0.160185 0.0208333 0.0240741 9
2 0.0736979 0.1 0.0151042 0.0166667 46
2 0.130729 0.149537 0.0208333 0.0231481 50
