2 0.710417 0.45463 0.078125 0.0537037 42
2 0.275781 0.2625 0.0328125 0.0324074 5
2 0.252865 0.243056 0.0338542 0.037963 7
2 0.1 0.150926 0.0208333 0.0259259 55
2 0.185938 0.356481 0.04375 0.0648148 73
2 0.842708 0.425 0.0979167 0.0685185 87
2 0.0739583 0.1 0.0145833 0.0166667 93
2 0.0289062 0.0782407 0.0130208 0.0157407 2
2 0.174219 0.287963 0.0401042 0.05 90
2 0.211458 0.215741 0.0333333 0.0351852 43
2 0.141667 0.160185 0.0208333 0.0240741 91
2 0.194792 0.203704 0.025 0.0277778 94
2 0.153906 0.171759 0.0192708 0.0231481 15
2 0.321094 0.534722 0.0609375 0.0935185 101
2 0.0130208 0.0634259 0.0125 0.012037 3
