2 0.723437 0.452778 0.0760417 0.0537037 42
2 0.317969 0.54537 0.0609375 0.0814815 4
2 0.495573 0.562037 0.0713542 0.0796296 55
2 0.275781 0.262963 0.0328125 0.0314815 5
2 0.252865 0.243519 0.0328125 0.037037 7
2 0.0609375 0.120833 0.03125 0.0194444 57
2 0.140104 0.193519 0.021875 0.0259259 2
2 0.176563 0.191667 0.0239583 0.0277778 15
2 0.211979 0.215741 0.0322917 0.0351852 43
2 0.192188 0.364352 0.0385417 0.0564815 13
2 0.0611979 0.177778 0.0234375 0.0333333 60
2 0.101042 0.150463 0.01875 0.0231481 3
2 0.196354 0.204167 0.0270833 0.0268519 50
