2 0.711719 0.454167 0.0765625 0.0527778 42
2 0.275781 0.262963 0.0328125 0.0314815 5
2 0.415104 0.684722 0.0802083 0.113889 4
2 0.11875 0.171759 0.0197917 0.0231481 2
2 0.253125 0.243519 0.0333333 0.037037 7
2 0.090625 0.137963 0.0177083 0.0203704 3
2 0.385937 0.44537 0.053125 0.062963 55
2 0.0664062 0.1875 0.0276042 0.0342593 60
2 0.176823 0.191667 0.0244792 0.0277778 15
2 0.240365 0.426389 0.0442708 0.0657407 13
2 0.211979 0.215741 0.0322917 0.0351852 43
2 0.195052 0.204167 0.0244792 0.0268519 64
2 0.154167 0.171296 0.0197917 0.0222222 50
