2 0.339583 0.408796 0.0479167 0.0490741 3
2 0.851042 0.4875 0.08125 0.0712963 1
2 0.477344 0.547685 0.0619792 0.0731481 2
2 0.233073 0.551389 0.0776042 0.113889 26
2 0.276042 0.262963 0.03125 0.0314815 5
2 0.119792 0.26713 0.03125 0.037963 4
2 0.275781 0.472222 0.0557292 0.0796296 29
2 0.211458 0.216204 0.0333333 0.0361111 15
2 0.252083 0.243519 0.0322917 0.037037 7
2 0.15651 0.312963 0.0380208 0.0462963 8
2 0.14974 0.402778 0.0401042 0.0555556 33
2 0.379948 0.836574 0.0953125 0.160185 6
2 0.439844 0.696296 0.0817708 0.125926 27
2 0.140885 0.160185 0.0203125 0.0240741 12
2 0.204687 0.377315 0.0489583 0.0694444 10
