2 0.710417 0.45463 0.078125 0.0537037 42
2 0.276042 0.262963 0.0322917 0.0314815 5
2 0.816927 0.42963 0.0932292 0.0666667 87
2 0.232813 0.347222 0.0447917 0.0592593 90
2 0.252865 0.243056 0.0328125 0.037963 7
2 0.280469 0.493981 0.0630208 0.0916667 73
2 0.557292 0.877315 0.139583 0.20463 101
2 0.0705729 0.120833 0.0171875 0.0212963 55
2 0.123437 0.285185 0.0291667 0.0407407 105
2 0.211719 0.215741 0.0328125 0.0351852 43
2 0.0140625 0.0634259 0.0114583 0.0138889 2
2 0.153906 0.170833 0.0192708 0.0231481 15
2 0.177083 0.191667 0.0239583 0.0277778 106
2 0.141146 0.160185 0.0208333 0.0240741 91
