2 0.964583 0.462037 0.0697917 0.0666667 1
2 0.291406 0.357407 0.0411458 0.0425926 3
2 0.326302 0.541204 0.0640625 0.0935185 29
2 0.275781 0.2625 0.0317708 0.0324074 5
2 0.126302 0.276389 0.0317708 0.037963 4
2 0.175781 0.444907 0.0463542 0.062037 33
2 0.252083 0.243056 0.0322917 0.0361111 7
2 0.409896 0.475926 0.0541667 0.0611111 2
2 0.211458 0.216204 0.0333333 0.0361111 15
2 0.140885 0.160185 0.0203125 0.0240741 9
2 0.547135 0.846296 0.102604 0.161111 27
2 0.0989583 0.228704 0.028125 0.0407407 13
