2 0.735677 0.451389 0.0755208 0.0527778 42
2 0.283594 0.498611 0.0557292 0.0712963 4
2 0.571354 0.644444 0.0833333 0.0925926 55
2 0.276042 0.262963 0.0322917 0.0314815 5
2 0.152604 0.206481 0.0239583 0.0296296 2
2 0.0786458 0.12037 0.0333333 0.0203704 57
2 0.252865 0.243519 0.0328125 0.037037 7
2 0.107812 0.158796 0.0197917 0.0231481 3
2 0.489323 0.790278 0.118229 0.134259 8
2 0.17526 0.340278 0.0380208 0.0527778 13
2 0.211719 0.215741 0.0328125 0.0351852 43
2 0.177083 0.19213 0.0239583 0.0287037 15
2 0.122135 0.267593 0.0338542 0.0462963 52
2 0.0591146 0.175 0.0223958 0.0314815 60
2 0.140885 0.160648 0.0203125 0.0231481 62
