2 0.979167 0.405556 0.040625 0.0481481 42
2 0.295833 0.357407 0.0385417 0.0462963 2
2 0.276042 0.2625 0.0322917 0.0324074 5
2 0.26901 0.603241 0.0619792 0.0935185 33
2 0.510938 0.801389 0.0989583 0.15463 29
2 0.210677 0.269907 0.0296875 0.0342593 3
2 0.150521 0.309722 0.034375 0.0435185 4
2 0.252604 0.243519 0.0322917 0.037037 7
2 0.106771 0.241667 0.03125 0.0388889 13
2 0.141146 0.160648 0.0208333 0.0231481 9
2 0.211719 0.215741 0.0338542 0.0351852 43
2 0.177344 0.192593 0.0234375 0.0259259 15
