2 0.973437 0.458796 0.0520833 0.0638889 1
2 0.334115 0.551389 0.0651042 0.0972222 29
2 0.285156 0.350926 0.0401042 0.0425926 3
2 0.401562 0.467593 0.0510417 0.0611111 2
2 0.275521 0.2625 0.03125 0.0324074 5
2 0.180208 0.452778 0.0479167 0.0648148 33
2 0.126823 0.277315 0.0317708 0.0398148 4
2 0.251823 0.243519 0.0328125 0.037037 7
2 0.564583 0.873148 0.10625 0.168519 27
2 0.211458 0.216204 0.0333333 0.0361111 15
2 0.0731771 0.1 0.0140625 0.0166667 11
2 0.0989583 0.229167 0.028125 0.0398148 13
2 0.140885 0.160185 0.0213542 0.0240741 9
2 0.171615 0.337963 0.0390625 0.0481481 8
