2 0.740885 0.835648 0.108854 0.123148 2
2 0.769271 0.735185 0.114583 0.116667 1
2 0.565104 0.647222 0.0822917 0.0833333 3
2 0.114844 0.260185 0.0307292 0.037037 4
2 0.275 0.262963 0.0322917 0.0314815 5
2 0.252344 0.243056 0.0317708 0.037963 7
2 0.0979167 0.225926 0.0260417 0.0333333 13
2 0.190104 0.483333 0.0458333 0.0740741 6
2 0.141667 0.289815 0.0354167 0.0407407 8
2 0.0726563 0.099537 0.0151042 0.0175926 11
2 0.153385 0.17037 0.0182292 0.0240741 12
2 0.0598958 0.179167 0.025 0.0305556 14
2 0.140625 0.160185 0.0208333 0.0240741 9
2 0.173958 0.189815 0.0239583 0.0277778 15
