2 0.710677 0.45463 0.0776042 0.0537037 42
2 0.275781 0.2625 0.0328125 0.0324074 5
2 0.36875 0.428241 0.0510417 0.0583333 55
2 0.115104 0.16713 0.0197917 0.0231481 2
2 0.25026 0.440741 0.0494792 0.0722222 13
2 0.252865 0.243519 0.0328125 0.037037 7
2 0.0882813 0.134722 0.0171875 0.0212963 3
2 0.438802 0.719907 0.0859375 0.121296 4
2 0.177083 0.191667 0.0239583 0.0277778 15
2 0.211979 0.215741 0.0322917 0.0351852 43
2 0.154167 0.171759 0.0197917 0.0231481 50
2 0.0690104 0.188426 0.0244792 0.0342593 60
