2 0.709896 0.45463 0.078125 0.0537037 42
2 0.275521 0.262963 0.0322917 0.0314815 5
2 0.252604 0.243056 0.0333333 0.037963 7
2 0.177865 0.34537 0.0421875 0.062963 73
2 0.103646 0.153704 0.0208333 0.0277778 55
2 0.298698 0.512037 0.0682292 0.0925926 101
2 0.855729 0.423611 0.0875 0.0675926 87
2 0.167187 0.281481 0.0385417 0.0481481 90
2 0.03125 0.0800926 0.0125 0.0157407 2
2 0.0736979 0.099537 0.0140625 0.0175926 93
2 0.211719 0.215741 0.0328125 0.0351852 43
2 0.0145833 0.0643519 0.0125 0.0138889 3
2 0.141146 0.160185 0.0208333 0.0240741 91
2 0.153906 0.171296 0.0192708 0.0240741 15
2 0.0828125 0.211574 0.0229167 0.0324074 92
