2 0.709635 0.453704 0.0786458 0.0537037 42
2 0.327865 0.556019 0.0692708 0.106481 73
2 0.139583 0.316204 0.03125 0.0435185 105
2 0.276042 0.2625 0.0322917 0.0324074 5
2 0.815104 0.429167 0.0927083 0.0675926 87
2 0.253125 0.243056 0.0333333 0.037963 7
2 0.211458 0.215741 0.0333333 0.0351852 43
2 0.0635417 0.113889 0.0166667 0.0203704 55
2 0.248698 0.364815 0.0463542 0.062963 90
2 0.153906 0.171296 0.0192708 0.0222222 15
2 0.00989583 0.0592593 0.0114583 0.0148148 2
2 0.176823 0.191667 0.0234375 0.0277778 106
