2 0.710417 0.454167 0.078125 0.0546296 42
2 0.276302 0.262037 0.0328125 0.0333333 5
2 0.253646 0.243519 0.0322917 0.037037 7
2 0.211719 0.215741 0.0328125 0.0351852 43
2 0.316927 0.546296 0.0682292 0.0962963 76
2 0.177344 0.191667 0.0244792 0.0277778 15
2 0.0479167 0.0967593 0.015625 0.0157407 3
2 0.0632812 0.113889 0.0151042 0.0185185 2
2 0.1875 0.240278 0.0291667 0.0361111 55
2 0.105729 0.241204 0.0302083 0.0435185 73
2 0.154167 0.170833 0.01875 0.0231481 50
2 0.196094 0.20463 0.0265625 0.0277778 64
2 0.133854 0.136574 0.0208333 0.0231481 79
