2 0.709896 0.45463 0.078125 0.0537037 42
2 0.275521 0.2625 0.0322917 0.0324074 5
2 0.942187 0.408796 0.0885417 0.0657407 87
2 0.252344 0.243519 0.0338542 0.0388889 7
2 0.0453125 0.0958333 0.0145833 0.0175926 2
2 0.0609375 0.178704 0.021875 0.0296296 92
2 0.211198 0.215741 0.0328125 0.0351852 43
2 0.176042 0.19213 0.0229167 0.0287037 15
2 0.132292 0.281481 0.0354167 0.05 73
2 0.551823 0.886574 0.128646 0.19537 76
2 0.0729167 0.1 0.0145833 0.0166667 93
2 0.116667 0.2375 0.0333333 0.0416667 90
2 0.139844 0.190278 0.0234375 0.0324074 55
2 0.0299479 0.0800926 0.0140625 0.0157407 3
