2 0.709635 0.45463 0.0786458 0.0537037 42
2 0.905729 0.413889 0.090625 0.0648148 87
2 0.276042 0.2625 0.0322917 0.0324074 5
2 0.252865 0.243519 0.0328125 0.037037 7
2 0.025 0.074537 0.0135417 0.0157407 3
2 0.040625 0.0898148 0.0135417 0.0166667 2
2 0.146094 0.299537 0.0369792 0.0546296 73
2 0.133073 0.252315 0.0359375 0.0435185 90
2 0.211719 0.215741 0.0328125 0.0351852 43
2 0.0739583 0.1 0.0145833 0.0166667 93
2 0.126302 0.176852 0.0223958 0.0296296 55
2 0.176563 0.19213 0.0229167 0.0268519 15
2 0.195312 0.203704 0.0260417 0.0277778 94
