2 0.318229 0.544907 0.0677083 0.102778 73
2 0.710156 0.45463 0.0776042 0.0537037 42
2 0.276042 0.2625 0.0322917 0.0324074 5
2 0.136458 0.311111 0.0322917 0.0425926 105
2 0.815885 0.429167 0.0932292 0.0675926 87
2 0.252865 0.242593 0.0328125 0.037037 7
2 0.0651042 0.113889 0.0166667 0.0203704 55
2 0.246094 0.3625 0.0453125 0.062037 90
2 0.211719 0.215741 0.0328125 0.0351852 43
2 0.0109375 0.0601852 0.0114583 0.0148148 2
2 0.153906 0.171296 0.0192708 0.0222222 15
2 0.176823 0.19213 0.0234375 0.0268519 106
