2 0.804427 0.438889 0.0744792 0.0518519 42
2 0.276302 0.262963 0.0328125 0.0333333 5
2 0.58776 0.901389 0.147396 0.191667 10
2 0.1375 0.191204 0.0239583 0.0268519 3
2 0.3375 0.576389 0.0802083 0.0861111 8
2 0.139323 0.2875 0.0317708 0.0472222 13
2 0.253646 0.243519 0.0322917 0.037037 7
2 0.199219 0.253241 0.0276042 0.0342593 2
2 0.211979 0.215741 0.0322917 0.0351852 43
2 0.177083 0.19213 0.0239583 0.0287037 15
2 0.102344 0.238889 0.0296875 0.0407407 52
2 0.117448 0.118981 0.0296875 0.0175926 50
