2 0.709375 0.45463 0.078125 0.0537037 42
2 0.27526 0.2625 0.0328125 0.0324074 5
2 0.252083 0.243056 0.0333333 0.037963 7
2 0.181771 0.351389 0.0427083 0.0638889 73
2 0.101042 0.152778 0.0208333 0.0259259 55
2 0.0734375 0.1 0.0135417 0.0166667 93
2 0.84401 0.424537 0.100521 0.0675926 87
2 0.0289062 0.0791667 0.0130208 0.0157407 2
2 0.211458 0.215741 0.0333333 0.0351852 43
2 0.171354 0.284259 0.0395833 0.0518519 90
2 0.141146 0.160185 0.0208333 0.0240741 91
2 0.153646 0.171296 0.01875 0.0240741 15
2 0.0130208 0.0638889 0.0125 0.012963 3
2 0.195312 0.203704 0.0260417 0.0277778 94
2 0.176302 0.191667 0.0223958 0.0277778 92
