2 0.929427 0.47037 0.0838542 0.0685185 1
2 0.30599 0.373148 0.0432292 0.0444444 3
2 0.275781 0.2625 0.0317708 0.0324074 5
2 0.43125 0.498611 0.0552083 0.0657407 2
2 0.166406 0.430556 0.0442708 0.062963 33
2 0.123958 0.272685 0.03125 0.037963 4
2 0.307292 0.516667 0.0604167 0.087037 29
2 0.211458 0.216204 0.0333333 0.0361111 15
2 0.252083 0.243056 0.0322917 0.0361111 7
2 0.45625 0.945833 0.10625 0.10463 6
2 0.220833 0.399074 0.053125 0.0740741 10
2 0.0984375 0.227778 0.0270833 0.037037 13
2 0.164844 0.326852 0.0390625 0.0462963 8
2 0.140625 0.161111 0.0208333 0.0240741 9
2 0.50651 0.790278 0.0942708 0.14537 27
