2 0.39375 0.465278 0.0552083 0.0546296 3
2 0.3 0.681481 0.075 0.118519 6
2 0.115625 0.261574 0.0302083 0.037963 4
2 0.549479 0.625926 0.0729167 0.0814815 2
2 0.27526 0.262963 0.0328125 0.0314815 5
2 0.252344 0.242593 0.0328125 0.037037 7
2 0.148438 0.300463 0.0375 0.0435185 8
2 0.0731771 0.1 0.0151042 0.0166667 11
2 0.153906 0.171296 0.0192708 0.0240741 12
2 0.18724 0.351389 0.0473958 0.0675926 10
2 0.244531 0.431019 0.0421875 0.0583333 29
2 0.141146 0.160648 0.0208333 0.0231481 9
2 0.0981771 0.225926 0.0255208 0.0333333 13
2 0.776563 0.515741 0.11875 0.0888889 1
2 0.176042 0.191667 0.0239583 0.0296296 15
