2 0.791927 0.440741 0.0744792 0.0518519 42
2 0.142969 0.293519 0.0328125 0.0481481 13
2 0.276302 0.2625 0.0328125 0.0324074 5
2 0.132292 0.185648 0.0229167 0.0268519 3
2 0.192188 0.245833 0.0270833 0.0342593 2
2 0.253646 0.243981 0.0322917 0.037963 7
2 0.354427 0.600463 0.0838542 0.0916667 8
2 0.177083 0.191667 0.0239583 0.0277778 15
2 0.630469 0.929167 0.152604 0.136111 10
2 0.211719 0.215741 0.0328125 0.0351852 43
2 0.104167 0.24213 0.03125 0.0416667 52
2 0.196094 0.204167 0.0265625 0.0268519 50
