2 0.727604 0.452315 0.0760417 0.0527778 42
2 0.304167 0.527315 0.059375 0.0768519 4
2 0.521875 0.591204 0.0739583 0.0861111 55
2 0.276042 0.2625 0.0322917 0.0324074 5
2 0.144531 0.199074 0.0234375 0.0277778 2
2 0.253125 0.243519 0.0333333 0.037037 7
2 0.0669271 0.120833 0.0317708 0.0194444 57
2 0.177083 0.19213 0.0239583 0.0287037 15
2 0.211719 0.215741 0.0328125 0.0351852 43
2 0.186719 0.355556 0.0401042 0.0555556 13
2 0.0601563 0.176852 0.0234375 0.0333333 60
2 0.533854 0.853704 0.130208 0.157407 8
2 0.140625 0.160648 0.0208333 0.0231481 62
2 0.196094 0.204167 0.0265625 0.0268519 50
