2 0.798177 0.764352 0.123437 0.126852 1
2 0.750521 0.846759 0.110417 0.123148 2
2 0.578906 0.662963 0.0848958 0.087037 3
2 0.188542 0.475463 0.05 0.0712963 6
2 0.115365 0.260648 0.0307292 0.037963 4
2 0.275521 0.2625 0.0322917 0.0324074 5
2 0.252604 0.243056 0.0333333 0.037963 7
2 0.141667 0.289352 0.0354167 0.0416667 8
2 0.0734375 0.099537 0.0145833 0.0175926 11
2 0.0601563 0.180093 0.0255208 0.0305556 14
2 0.0981771 0.225 0.0265625 0.0333333 13
2 0.140885 0.160185 0.0203125 0.0240741 9
2 0.176302 0.191204 0.0234375 0.0287037 12
2 0.211458 0.215741 0.0333333 0.0351852 15
