2 0.941146 0.413889 0.071875 0.05 42
2 0.26875 0.328241 0.0354167 0.0435185 2
2 0.356771 0.587963 0.08125 0.109259 10
2 0.189583 0.247222 0.028125 0.0314815 3
2 0.276042 0.2625 0.0322917 0.0324074 5
2 0.160677 0.325 0.0359375 0.0444444 4
2 0.31276 0.684259 0.0713542 0.114815 33
2 0.252865 0.243519 0.0338542 0.037037 7
2 0.241667 0.435648 0.04375 0.0601852 8
2 0.211979 0.215741 0.0333333 0.0351852 43
2 0.610156 0.92037 0.126562 0.153704 29
2 0.141146 0.160648 0.0208333 0.0231481 9
2 0.1125 0.25 0.0302083 0.0388889 13
2 0.176823 0.19213 0.0234375 0.0268519 15
