2 0.329688 0.398148 0.0458333 0.0481481 3
2 0.871615 0.483333 0.0838542 0.0703704 1
2 0.464062 0.533796 0.059375 0.0712963 2
2 0.400781 0.875926 0.102604 0.17037 6
2 0.276042 0.262963 0.03125 0.0314815 5
2 0.284115 0.484259 0.0557292 0.0814815 29
2 0.15625 0.410185 0.0375 0.0555556 33
2 0.121094 0.268981 0.0307292 0.037963 4
2 0.211719 0.216204 0.0328125 0.0361111 15
2 0.252083 0.243519 0.0322917 0.037037 7
2 0.158594 0.316667 0.0390625 0.0462963 8
2 0.208854 0.381944 0.0510417 0.0694444 10
2 0.140885 0.161111 0.0203125 0.0240741 9
2 0.0986979 0.226389 0.0265625 0.0342593 13
2 0.153646 0.170833 0.01875 0.025 12
