2 0.709896 0.45463 0.078125 0.0537037 42
2 0.938281 0.408796 0.0890625 0.0638889 87
2 0.275521 0.2625 0.0322917 0.0324074 5
2 0.252344 0.243519 0.0338542 0.0388889 7
2 0.567187 0.905093 0.134375 0.187963 76
2 0.0445313 0.0949074 0.0140625 0.0175926 2
2 0.0611979 0.180093 0.0234375 0.0287037 92
2 0.138281 0.190278 0.0244792 0.0305556 55
2 0.211458 0.215741 0.0333333 0.0351852 43
2 0.176042 0.192593 0.0229167 0.0277778 15
2 0.0294271 0.0791667 0.0130208 0.0157407 3
2 0.0731771 0.1 0.0151042 0.0166667 93
2 0.133594 0.28287 0.0348958 0.0509259 73
2 0.117969 0.238889 0.0338542 0.0425926 90
