2 0.710417 0.45463 0.078125 0.0537037 42
2 0.276042 0.262963 0.0322917 0.0314815 5
2 0.816927 0.42963 0.0932292 0.0666667 87
2 0.277344 0.490278 0.0651042 0.0916667 73
2 0.551562 0.869444 0.136458 0.198148 101
2 0.232031 0.346759 0.0442708 0.0583333 90
2 0.252865 0.243056 0.0328125 0.037963 7
2 0.122656 0.283796 0.0296875 0.0398148 105
2 0.0705729 0.121296 0.0171875 0.0203704 55
2 0.0145833 0.0634259 0.0114583 0.0138889 2
2 0.211719 0.215741 0.0328125 0.0351852 43
2 0.153906 0.171296 0.0192708 0.0222222 15
2 0.177083 0.191667 0.0239583 0.0277778 106
2 0.141146 0.160185 0.0208333 0.0240741 91
