2 0.392448 0.463889 0.0546875 0.0537037 3
2 0.546875 0.623148 0.071875 0.0833333 2
2 0.115625 0.261574 0.03125 0.037963 4
2 0.27526 0.262963 0.0328125 0.0314815 5
2 0.302604 0.685648 0.075 0.119444 6
2 0.252344 0.242593 0.0328125 0.037037 7
2 0.149219 0.300463 0.0369792 0.0435185 8
2 0.245833 0.431481 0.0416667 0.0592593 29
2 0.0731771 0.1 0.0151042 0.0166667 11
2 0.153906 0.171296 0.0192708 0.0240741 12
2 0.1875 0.352315 0.046875 0.0657407 10
2 0.141146 0.160648 0.0208333 0.0231481 9
2 0.0981771 0.225926 0.0255208 0.0333333 13
2 0.777604 0.516204 0.116667 0.0842593 1
2 0.176042 0.191667 0.0239583 0.0296296 15
