2 0.710417 0.45463 0.078125 0.0537037 42
2 0.276302 0.2625 0.0317708 0.0324074 5
2 0.273698 0.481944 0.0598958 0.087963 73
2 0.817969 0.42963 0.0932292 0.0685185 87
2 0.253125 0.243056 0.0333333 0.037963 7
2 0.229687 0.343981 0.0447917 0.0583333 90
2 0.0726563 0.121759 0.0182292 0.0212963 55
2 0.546094 0.852778 0.104688 0.17037 101
2 0.211719 0.215741 0.0328125 0.0351852 43
2 0.015625 0.0648148 0.0125 0.0148148 2
2 0.153906 0.171296 0.0192708 0.0222222 15
2 0.120833 0.279167 0.0291667 0.0398148 105
2 0.177344 0.19213 0.0244792 0.0268519 106
