2 0.770573 0.8625 0.125521 0.137963 55
2 0.76901 0.444444 0.0734375 0.0537037 42
2 0.276302 0.2625 0.0328125 0.0324074 5
2 0.152344 0.306481 0.0348958 0.0481481 13
2 0.243229 0.433796 0.0364583 0.0564815 4
2 0.177865 0.231944 0.0255208 0.0342593 2
2 0.253125 0.243519 0.0333333 0.0388889 7
2 0.107031 0.121296 0.0338542 0.0185185 57
2 0.391927 0.651852 0.0932292 0.101852 8
2 0.177083 0.19213 0.0239583 0.0287037 15
2 0.211719 0.215741 0.0328125 0.0351852 43
2 0.122917 0.174537 0.021875 0.0268519 3
