2 0.3 0.661111 0.0677083 0.107407 33
2 0.275781 0.335185 0.0359375 0.0444444 2
2 0.955469 0.4125 0.0723958 0.0472222 42
2 0.195312 0.252315 0.028125 0.0324074 3
2 0.345052 0.571759 0.0796875 0.106481 10
2 0.276042 0.2625 0.0322917 0.0324074 5
2 0.252604 0.243519 0.0322917 0.037037 7
2 0.109896 0.248611 0.0333333 0.037963 13
2 0.211719 0.215741 0.0338542 0.0351852 43
2 0.158073 0.321296 0.0348958 0.0444444 4
2 0.580208 0.899537 0.116667 0.184259 29
2 0.141146 0.160648 0.0208333 0.0231481 9
2 0.238281 0.431481 0.0380208 0.0537037 8
2 0.176823 0.19213 0.0234375 0.0268519 15
