2 0.410417 0.868519 0.09375 0.155556 33
2 0.867188 0.427315 0.0729167 0.0490741 42
2 0.231771 0.288426 0.03125 0.037963 2
2 0.276302 0.2625 0.0328125 0.0324074 5
2 0.161979 0.216667 0.0260417 0.0296296 3
2 0.123958 0.265278 0.0302083 0.0435185 13
2 0.277344 0.493056 0.0661458 0.0731481 8
2 0.252865 0.243056 0.0328125 0.0361111 7
2 0.182552 0.355556 0.0390625 0.05 4
2 0.21224 0.215278 0.0338542 0.0361111 43
2 0.141146 0.160648 0.0208333 0.0231481 9
2 0.0734375 0.1 0.0145833 0.0166667 46
2 0.442969 0.710648 0.102604 0.141667 10
2 0.152604 0.169444 0.0197917 0.0240741 15
