2 0.565885 0.644444 0.0765625 0.087037 2
2 0.286979 0.655556 0.071875 0.112963 6
2 0.115365 0.261574 0.0307292 0.037963 4
2 0.27526 0.262963 0.0328125 0.0314815 5
2 0.252083 0.242593 0.0333333 0.037037 7
2 0.739323 0.528241 0.0734375 0.0787037 1
2 0.40599 0.477315 0.0546875 0.0583333 3
2 0.147656 0.298611 0.0380208 0.0435185 8
2 0.0731771 0.1 0.0151042 0.0166667 11
2 0.0979167 0.225463 0.0260417 0.0324074 13
2 0.153646 0.170833 0.0197917 0.025 12
2 0.140885 0.160648 0.0203125 0.0231481 9
2 0.184115 0.346296 0.0473958 0.0648148 10
2 0.35599 0.58287 0.0651042 0.0990741 27
