2 0.407038 0.887224 0.102658 0.174985 2
2 0.460968 0.531264 0.0587326 0.0707884 1
2 0.160775 0.317108 0.0368053 0.04789 19
2 0.875109 0.482633 0.0848398 0.0634182 24
2 0.288139 0.489524 0.051453 0.0769893 22
2 0.327882 0.394584 0.0458091 0.0545406 6
2 0.249345 0.575064 0.0723261 0.122635 20
2 0.158401 0.412891 0.0350808 0.0545684 21
2 0.460787 0.72691 0.08419 0.126244 13
2 0.0156804 0.432924 0.0305397 0.0417067 8
2 0.277762 0.25914 0.028363 0.0383901 5
2 0.123269 0.265453 0.0284324 0.0449294 15
