2 0.710156 0.45463 0.0786458 0.0537037 42
2 0.0835937 0.134259 0.0182292 0.0240741 55
2 0.275521 0.2625 0.0322917 0.0324074 5
2 0.409635 0.671759 0.0953125 0.128704 101
2 0.252604 0.243056 0.0333333 0.037963 7
2 0.102083 0.246759 0.025 0.0342593 105
2 0.211719 0.215278 0.0328125 0.0361111 43
2 0.0210938 0.0699074 0.0130208 0.0157407 2
2 0.824219 0.426852 0.0932292 0.0648148 87
2 0.204948 0.31713 0.0411458 0.0546296 90
2 0.177083 0.19213 0.0229167 0.0268519 91
2 0.153906 0.171296 0.0192708 0.0240741 15
