2 0.710156 0.45463 0.0786458 0.0537037 42
2 0.275521 0.262963 0.0322917 0.0314815 5
2 0.341406 0.572685 0.0786458 0.10463 101
2 0.0268229 0.075463 0.0119792 0.0157407 2
2 0.252604 0.243056 0.0333333 0.037963 7
2 0.0945312 0.14537 0.0192708 0.0259259 55
2 0.184635 0.297685 0.0401042 0.0509259 90
2 0.19401 0.373148 0.0380208 0.0685185 73
2 0.211458 0.215278 0.0333333 0.0361111 43
2 0.153906 0.171296 0.0192708 0.0240741 15
2 0.0736979 0.1 0.0140625 0.0166667 93
2 0.194792 0.203704 0.025 0.0277778 94
2 0.0109375 0.062037 0.0114583 0.012963 3
