2 0.329167 0.71713 0.075 0.123148 33
2 0.260937 0.318981 0.034375 0.0435185 2
2 0.924219 0.416667 0.0713542 0.05 42
2 0.642969 0.943519 0.120313 0.111111 29
2 0.276302 0.2625 0.0328125 0.0324074 5
2 0.183594 0.239815 0.0276042 0.0314815 3
2 0.252865 0.243056 0.0317708 0.0361111 7
2 0.115625 0.253241 0.0291667 0.0398148 13
2 0.245573 0.441667 0.0526042 0.0740741 8
2 0.371875 0.608796 0.0854167 0.117593 10
2 0.164583 0.331019 0.0364583 0.0453704 4
2 0.21224 0.215278 0.0338542 0.0361111 43
2 0.0731771 0.099537 0.0151042 0.0175926 46
