2 0.917708 0.473148 0.0833333 0.0685185 1
2 0.311198 0.378241 0.0442708 0.0453704 3
2 0.276302 0.2625 0.0317708 0.0324074 5
2 0.438021 0.50463 0.0572917 0.0666667 2
2 0.123958 0.271759 0.03125 0.0398148 4
2 0.164323 0.425463 0.0442708 0.0601852 33
2 0.449479 0.91713 0.113542 0.158333 6
2 0.303385 0.509722 0.0588542 0.0842593 29
2 0.211719 0.215741 0.0338542 0.0351852 15
2 0.219271 0.398611 0.0520833 0.0731481 10
2 0.252604 0.243056 0.0322917 0.0361111 7
2 0.163802 0.325 0.0390625 0.0462963 8
2 0.140885 0.160185 0.0203125 0.0240741 9
2 0.0992187 0.227315 0.0276042 0.037963 13
