2 0.826823 0.435185 0.0734375 0.05 42
2 0.520052 0.822685 0.123437 0.175 10
2 0.311198 0.539815 0.0734375 0.0777778 8
2 0.276042 0.262963 0.0322917 0.0314815 5
2 0.196094 0.378704 0.0369792 0.0518519 4
2 0.146615 0.200926 0.0244792 0.0277778 3
2 0.132292 0.277778 0.03125 0.0444444 13
2 0.253125 0.243519 0.0322917 0.037037 7
2 0.211719 0.215741 0.0328125 0.0351852 43
2 0.211458 0.266667 0.0291667 0.037037 2
2 0.0989583 0.233333 0.028125 0.0407407 52
2 0.141146 0.160185 0.0208333 0.0240741 9
2 0.0734375 0.1 0.0145833 0.0166667 46
2 0.176563 0.191667 0.0239583 0.0277778 15
2 0.130729 0.15 0.0208333 0.0240741 50
