2 0.35625 0.581944 0.06875 0.102778 29
2 0.271094 0.335648 0.0380208 0.0416667 3
2 0.382292 0.446759 0.0489583 0.0583333 2
2 0.276042 0.2625 0.03125 0.0324074 5
2 0.129948 0.281481 0.0317708 0.0407407 4
2 0.252604 0.243056 0.0322917 0.0361111 7
2 0.211719 0.215741 0.0338542 0.037037 15
2 0.1 0.230556 0.028125 0.0388889 13
2 0.319271 0.710648 0.102083 0.167593 26
2 0.189844 0.471296 0.0453125 0.0685185 33
2 0.0734375 0.100463 0.0135417 0.0175926 11
2 0.610938 0.922685 0.116667 0.152778 27
2 0.141146 0.160185 0.0208333 0.0240741 9
