2 0.709896 0.45463 0.078125 0.0537037 42
2 0.275521 0.262963 0.0322917 0.0314815 5
2 0.252604 0.243056 0.0333333 0.037963 7
2 0.0276042 0.0763889 0.0125 0.0157407 2
2 0.330729 0.557407 0.0760417 0.1 101
2 0.180469 0.294444 0.0401042 0.05 90
2 0.190885 0.365741 0.0411458 0.0666667 73
2 0.839323 0.425 0.0921875 0.0685185 87
2 0.0963542 0.147685 0.0197917 0.025 55
2 0.153646 0.171296 0.01875 0.0240741 15
2 0.211719 0.215278 0.0328125 0.0361111 43
2 0.0736979 0.1 0.0140625 0.0166667 93
2 0.141406 0.160185 0.0213542 0.0240741 91
2 0.0114583 0.062963 0.0125 0.012963 3
2 0.195052 0.203704 0.0255208 0.0277778 94
