2 0.311719 0.373148 0.0411458 0.0481481 2
2 0.275781 0.2625 0.0328125 0.0324074 5
2 0.249479 0.566667 0.05625 0.0814815 33
2 0.470052 0.741204 0.0911458 0.139815 29
2 0.221875 0.281019 0.0322917 0.037963 3
2 0.145052 0.303241 0.0338542 0.0435185 4
2 0.454427 0.915278 0.148438 0.163889 26
2 0.252604 0.243519 0.0322917 0.037037 7
2 0.104948 0.238889 0.0286458 0.037037 13
2 0.297917 0.506481 0.0697917 0.0925926 10
2 0.141146 0.160185 0.0208333 0.0240741 9
2 0.154427 0.171296 0.0203125 0.0240741 15
