2 0.777604 0.742593 0.117708 0.118519 1
2 0.74401 0.838426 0.108854 0.123148 2
2 0.569792 0.650926 0.0833333 0.0851852 3
2 0.115365 0.260185 0.0307292 0.037037 4
2 0.275781 0.2625 0.0328125 0.0324074 5
2 0.189844 0.481481 0.0473958 0.0740741 6
2 0.253125 0.243056 0.0322917 0.0361111 7
2 0.142187 0.289815 0.0354167 0.0407407 8
2 0.0601563 0.17963 0.0244792 0.0314815 14
2 0.0734375 0.1 0.0145833 0.0166667 11
2 0.0986979 0.225463 0.0265625 0.0342593 13
2 0.141146 0.160185 0.0208333 0.0240741 9
2 0.154167 0.170833 0.0197917 0.025 12
