2 0.709635 0.45463 0.0786458 0.0537037 42
2 0.275521 0.2625 0.0322917 0.0324074 5
2 0.914062 0.412963 0.0895833 0.0648148 87
2 0.252604 0.243056 0.0333333 0.037963 7
2 0.0257812 0.0759259 0.0140625 0.0148148 3
2 0.128646 0.248611 0.0354167 0.0435185 90
2 0.0411458 0.0902778 0.0145833 0.0175926 2
2 0.0736979 0.1 0.0140625 0.0166667 93
2 0.141927 0.29537 0.0369792 0.0537037 73
2 0.129427 0.181019 0.0223958 0.0287037 55
2 0.211979 0.216204 0.0322917 0.0361111 43
2 0.176042 0.19213 0.0229167 0.0268519 15
2 0.195312 0.203704 0.0260417 0.0277778 94
