2 0.710677 0.45463 0.0776042 0.0537037 42
2 0.366667 0.426389 0.05 0.0583333 55
2 0.275781 0.262963 0.0328125 0.0314815 5
2 0.114583 0.166667 0.0197917 0.0240741 2
2 0.252865 0.243519 0.0328125 0.037037 7
2 0.0880208 0.134722 0.0177083 0.0212963 3
2 0.251563 0.44213 0.0489583 0.0731481 13
2 0.177083 0.191667 0.0239583 0.0277778 15
2 0.442969 0.725463 0.0869792 0.121296 4
2 0.211979 0.215741 0.0322917 0.0351852 43
2 0.06875 0.188426 0.025 0.0342593 60
2 0.154167 0.171296 0.0197917 0.0222222 50
2 0.195312 0.204167 0.025 0.0268519 64
