2 0.747396 0.448148 0.0760417 0.0537037 42
2 0.264062 0.470833 0.0520833 0.0675926 4
2 0.276302 0.2625 0.0328125 0.0324074 5
2 0.113021 0.164815 0.0208333 0.0240741 3
2 0.0919271 0.12037 0.0338542 0.0185185 57
2 0.63724 0.716667 0.0963542 0.107407 55
2 0.16224 0.216667 0.0255208 0.0296296 2
2 0.253125 0.243056 0.0333333 0.037963 7
2 0.165885 0.326389 0.0359375 0.0509259 13
2 0.211719 0.215741 0.0328125 0.0351852 43
2 0.0583333 0.175463 0.0208333 0.0287037 60
2 0.177083 0.19213 0.025 0.0287037 15
