2 0.754687 0.446759 0.0760417 0.0546296 42
2 0.678646 0.762037 0.105208 0.114815 55
2 0.276302 0.2625 0.0328125 0.0324074 5
2 0.0979167 0.121296 0.03125 0.0185185 57
2 0.254688 0.457407 0.0510417 0.0666667 4
2 0.116146 0.168519 0.0208333 0.0240741 3
2 0.167448 0.219907 0.0244792 0.0324074 2
2 0.253125 0.243519 0.0333333 0.0388889 7
2 0.211719 0.215741 0.0328125 0.0351852 43
2 0.177083 0.19213 0.025 0.0287037 15
2 0.160938 0.317593 0.0354167 0.0518519 13
2 0.196094 0.204167 0.0265625 0.0268519 50
