2 0.711719 0.454167 0.0765625 0.0527778 42
2 0.411198 0.678704 0.0786458 0.111111 4
2 0.275781 0.262963 0.0328125 0.0314815 5
2 0.252865 0.243519 0.0328125 0.037037 7
2 0.119271 0.172222 0.0197917 0.0240741 2
2 0.388802 0.448148 0.0536458 0.062963 55
2 0.0911458 0.137963 0.0177083 0.0203704 3
2 0.176823 0.191667 0.0244792 0.0277778 15
2 0.065625 0.186574 0.0260417 0.0342593 60
2 0.211979 0.215741 0.0322917 0.0351852 43
2 0.239844 0.424074 0.0421875 0.0666667 13
2 0.154167 0.171296 0.0197917 0.0222222 50
