2 0.439323 0.721296 0.0942708 0.151852 73
2 0.709375 0.454167 0.078125 0.0527778 42
2 0.815104 0.430093 0.0927083 0.0675926 87
2 0.252344 0.242593 0.0317708 0.0351852 7
2 0.275781 0.262037 0.0328125 0.0333333 5
2 0.0513021 0.100463 0.0161458 0.0194444 55
2 0.270052 0.39213 0.0494792 0.0694444 90
2 0.176302 0.191204 0.0234375 0.0287037 106
2 0.211458 0.215741 0.0333333 0.0351852 43
2 0.153646 0.170833 0.01875 0.0231481 15
2 0.176563 0.390741 0.0385417 0.0537037 105
2 0.00442708 0.0523148 0.00885417 0.0138889 2
2 0.0736979 0.1 0.0140625 0.0166667 94
2 0.129688 0.149074 0.021875 0.0240741 91
