2 0.670573 0.756944 0.0942708 0.106481 2
2 0.491146 0.566667 0.0697917 0.0722222 3
2 0.224479 0.536574 0.0583333 0.0805556 6
2 0.115104 0.261111 0.0302083 0.037037 4
2 0.27526 0.262963 0.0328125 0.0314815 5
2 0.693229 0.616204 0.0614583 0.0916667 1
2 0.252604 0.243056 0.0333333 0.037963 7
2 0.142187 0.291204 0.0364583 0.0435185 8
2 0.0979167 0.225463 0.0260417 0.0324074 13
2 0.140625 0.160185 0.0208333 0.0240741 9
2 0.153646 0.170833 0.01875 0.025 12
2 0.0729167 0.1 0.015625 0.0166667 11
2 0.208073 0.381019 0.0432292 0.0638889 10
2 0.176302 0.191667 0.0244792 0.0277778 15
2 0.059375 0.178704 0.0260417 0.0314815 14
