2 0.709635 0.45463 0.0776042 0.0537037 42
2 0.0361979 0.0861111 0.0140625 0.0166667 3
2 0.275521 0.2625 0.0322917 0.0324074 5
2 0.252344 0.243519 0.0338542 0.0388889 7
2 0.155729 0.20787 0.025 0.0305556 55
2 0.0515625 0.102315 0.0145833 0.0175926 2
2 0.120573 0.263889 0.0328125 0.0481481 73
2 0.0554687 0.171759 0.0161458 0.0231481 92
2 0.211458 0.215741 0.0333333 0.0351852 43
2 0.141146 0.160185 0.0208333 0.0240741 91
2 0.971354 0.401852 0.05625 0.0592593 87
2 0.0997396 0.223148 0.0328125 0.0388889 90
2 0.154167 0.171296 0.01875 0.0240741 50
2 0.43099 0.714815 0.0942708 0.138889 76
