2 0.869531 0.427315 0.0734375 0.0490741 42
2 0.232552 0.289815 0.0317708 0.0388889 2
2 0.275781 0.49213 0.0661458 0.0712963 8
2 0.275781 0.262963 0.0328125 0.0314815 5
2 0.123437 0.264352 0.0302083 0.0435185 13
2 0.40599 0.860648 0.0921875 0.15463 33
2 0.252604 0.243056 0.0322917 0.0361111 7
2 0.1625 0.21713 0.0260417 0.0287037 3
2 0.18125 0.35463 0.0395833 0.05 4
2 0.439062 0.705093 0.102083 0.139815 10
2 0.211979 0.215741 0.034375 0.0351852 43
2 0.141146 0.160648 0.0208333 0.0231481 9
2 0.0734375 0.1 0.0145833 0.0166667 46
2 0.154167 0.171296 0.0197917 0.0240741 15
