2 0.771615 0.869444 0.115104 0.12963 2
2 0.925521 0.888426 0.147917 0.158333 1
2 0.61901 0.70463 0.0921875 0.0981481 3
2 0.115365 0.260648 0.0307292 0.0361111 4
2 0.178906 0.455093 0.0515625 0.0694444 6
2 0.276042 0.2625 0.0322917 0.0324074 5
2 0.253125 0.243056 0.0333333 0.037963 7
2 0.194531 0.365278 0.0359375 0.0601852 10
2 0.176823 0.191667 0.0234375 0.0277778 12
2 0.0617187 0.180093 0.0255208 0.0305556 14
2 0.0739583 0.1 0.0145833 0.0166667 11
2 0.141927 0.290278 0.0348958 0.0416667 8
2 0.211719 0.214815 0.0328125 0.0333333 15
2 0.140885 0.160185 0.0203125 0.0240741 9
2 0.0989583 0.225463 0.0270833 0.0342593 13
