2 0.44349 0.918056 0.102604 0.158333 33
2 0.851302 0.430093 0.0723958 0.0527778 42
2 0.155729 0.209722 0.0260417 0.0287037 3
2 0.276042 0.262963 0.0322917 0.0314815 5
2 0.127344 0.269444 0.0307292 0.0444444 13
2 0.290365 0.510185 0.0692708 0.0759259 8
2 0.223698 0.280093 0.0307292 0.037963 2
2 0.470573 0.749537 0.108854 0.152778 10
2 0.211979 0.215741 0.0322917 0.0351852 43
2 0.188021 0.363889 0.0395833 0.05 4
2 0.253125 0.243519 0.0322917 0.037037 7
2 0.176823 0.191667 0.0244792 0.0277778 15
2 0.130729 0.149074 0.0208333 0.0240741 50
2 0.0736979 0.1 0.0151042 0.0166667 46
2 0.141146 0.160185 0.0208333 0.0240741 9
