2 0.894271 0.477778 0.0833333 0.0685185 1
2 0.42474 0.9125 0.108854 0.169444 6
2 0.320312 0.387963 0.0447917 0.0462963 3
2 0.259635 0.586111 0.0671875 0.116667 26
2 0.292969 0.496296 0.0578125 0.0833333 29
2 0.450521 0.519444 0.0583333 0.0685185 2
2 0.159635 0.41713 0.0421875 0.0601852 33
2 0.276042 0.2625 0.03125 0.0324074 5
2 0.122396 0.27037 0.03125 0.0388889 4
2 0.211458 0.215741 0.0333333 0.037037 15
2 0.252604 0.243056 0.0322917 0.0361111 7
2 0.161979 0.320833 0.0385417 0.0453704 8
2 0.140885 0.160185 0.0203125 0.0240741 12
