2 0.711979 0.454167 0.0760417 0.0527778 42
2 0.407031 0.674074 0.0786458 0.112963 4
2 0.275521 0.262963 0.0322917 0.0314815 5
2 0.119531 0.172222 0.0203125 0.0240741 2
2 0.0914062 0.138889 0.0182292 0.0203704 3
2 0.252865 0.243519 0.0328125 0.037037 7
2 0.0653646 0.186574 0.0255208 0.0342593 60
2 0.391146 0.451389 0.0541667 0.062037 55
2 0.176823 0.191667 0.0244792 0.0277778 15
2 0.0403646 0.123611 0.0192708 0.0231481 57
2 0.238281 0.419444 0.0359375 0.0648148 13
2 0.211979 0.215741 0.0322917 0.0351852 43
2 0.154167 0.171296 0.0197917 0.0222222 50
