2 0.710417 0.45463 0.078125 0.0537037 42
2 0.276042 0.262963 0.0322917 0.0314815 5
2 0.0794271 0.12963 0.0192708 0.0240741 55
2 0.820833 0.428704 0.0927083 0.0685185 87
2 0.253125 0.243056 0.0333333 0.037963 7
2 0.0192708 0.0685185 0.0114583 0.0148148 2
2 0.445573 0.722222 0.105729 0.144444 101
2 0.211458 0.215278 0.0333333 0.0361111 43
2 0.0046875 0.0546296 0.009375 0.012963 3
2 0.153906 0.171296 0.0192708 0.0222222 15
2 0.24375 0.439815 0.046875 0.0722222 73
2 0.177344 0.191667 0.0234375 0.0277778 106
2 0.105729 0.255093 0.0322917 0.0398148 105
2 0.213802 0.327315 0.0432292 0.0564815 90
2 0.194271 0.203704 0.0229167 0.0277778 94
