2 0.266927 0.331481 0.0369792 0.0407407 3
2 0.191667 0.477778 0.0427083 0.0685185 33
2 0.275521 0.2625 0.03125 0.0324074 5
2 0.36276 0.590741 0.0692708 0.105556 29
2 0.130469 0.282407 0.0317708 0.0407407 4
2 0.375781 0.441667 0.0484375 0.0574074 2
2 0.252083 0.243519 0.0333333 0.037037 7
2 0.211458 0.216204 0.0333333 0.0361111 15
2 0.1 0.231481 0.028125 0.0407407 13
2 0.325781 0.724074 0.104688 0.174074 26
2 0.633073 0.937037 0.121354 0.122222 27
2 0.140625 0.160185 0.0208333 0.0240741 9
2 0.0736979 0.1 0.0140625 0.0166667 11
