2 0.709635 0.45463 0.0786458 0.0537037 42
2 0.276042 0.2625 0.0322917 0.0324074 5
2 0.903385 0.413426 0.0901042 0.0657407 87
2 0.252865 0.243519 0.0328125 0.037037 7
2 0.0401042 0.0888889 0.0135417 0.0166667 2
2 0.134115 0.252778 0.0359375 0.0444444 90
2 0.125781 0.176389 0.0223958 0.0287037 55
2 0.0244792 0.074537 0.0135417 0.0157407 3
2 0.146615 0.300463 0.0369792 0.0546296 73
2 0.0736979 0.1 0.0140625 0.0166667 93
2 0.211719 0.216204 0.0328125 0.0361111 43
2 0.176042 0.191667 0.0229167 0.0277778 15
