2 0.458333 0.53287 0.0645833 0.0657407 3
2 0.632031 0.715741 0.0869792 0.0962963 2
2 0.115365 0.261111 0.0307292 0.037037 4
2 0.247135 0.573148 0.0546875 0.0925926 6
2 0.27526 0.262963 0.0328125 0.0314815 5
2 0.695573 0.575463 0.0526042 0.0861111 1
2 0.252344 0.243056 0.0328125 0.037963 7
2 0.173177 0.33287 0.0442708 0.0601852 10
2 0.14349 0.292593 0.0380208 0.0425926 8
2 0.140625 0.160648 0.0208333 0.0231481 9
2 0.153385 0.170833 0.0192708 0.025 12
2 0.0979167 0.225926 0.0260417 0.0333333 13
2 0.176563 0.191667 0.025 0.0277778 15
2 0.0729167 0.1 0.015625 0.0166667 11
