2 0.710156 0.45463 0.0786458 0.0537037 42
2 0.275521 0.262963 0.0322917 0.0314815 5
2 0.179167 0.346296 0.0416667 0.0648148 73
2 0.252604 0.243056 0.0333333 0.037963 7
2 0.16849 0.281944 0.0390625 0.0490741 90
2 0.103385 0.153241 0.0203125 0.0268519 55
2 0.0309896 0.0796296 0.0130208 0.0166667 2
2 0.302344 0.514815 0.0671875 0.0925926 101
2 0.0739583 0.099537 0.0145833 0.0175926 93
2 0.211458 0.215741 0.0333333 0.0351852 43
2 0.845833 0.424074 0.104167 0.0666667 87
2 0.0145833 0.0643519 0.0125 0.0138889 3
2 0.141146 0.160185 0.0208333 0.0240741 91
2 0.153906 0.171296 0.0192708 0.0240741 15
2 0.195573 0.203704 0.0265625 0.0277778 94
2 0.0828125 0.2125 0.0229167 0.0324074 92
