2 0.710417 0.45463 0.078125 0.0537037 42
2 0.586458 0.907407 0.1125 0.183333 101
2 0.286719 0.500463 0.0609375 0.0935185 73
2 0.276042 0.2625 0.0322917 0.0324074 5
2 0.816927 0.42963 0.0932292 0.0666667 87
2 0.0700521 0.119907 0.0171875 0.0194444 55
2 0.253125 0.243056 0.0333333 0.037963 7
2 0.125521 0.288889 0.0291667 0.0407407 105
2 0.234896 0.349537 0.0447917 0.0601852 90
2 0.211719 0.215741 0.0328125 0.0351852 43
2 0.153906 0.171296 0.0192708 0.0222222 15
2 0.0138021 0.0625 0.0119792 0.0138889 2
2 0.177083 0.191667 0.0239583 0.0277778 106
2 0.141146 0.160185 0.0208333 0.0240741 91
