2 0.711458 0.45463 0.0770833 0.0537037 42
2 0.382552 0.442593 0.0526042 0.0611111 55
2 0.275781 0.262963 0.0328125 0.0314815 5
2 0.0901042 0.136574 0.0177083 0.0212963 3
2 0.253125 0.243519 0.0333333 0.037037 7
2 0.41849 0.690278 0.0807292 0.113889 4
2 0.117969 0.171296 0.0192708 0.0222222 2
2 0.176823 0.191667 0.0244792 0.0277778 15
2 0.241406 0.429167 0.0463542 0.0657407 13
2 0.0669271 0.1875 0.0265625 0.0342593 60
2 0.211979 0.215741 0.0322917 0.0351852 43
2 0.195052 0.204167 0.0244792 0.0268519 64
2 0.154167 0.171296 0.0197917 0.0222222 50
2 0.0393229 0.124537 0.0171875 0.0231481 57
