2 0.771875 0.869907 0.114583 0.128704 2
2 0.928385 0.896296 0.142187 0.162963 1
2 0.620573 0.706481 0.0921875 0.0962963 3
2 0.115104 0.260648 0.0302083 0.0361111 4
2 0.178385 0.455093 0.0515625 0.0694444 6
2 0.276042 0.2625 0.0322917 0.0324074 5
2 0.253125 0.243056 0.0333333 0.037963 7
2 0.194531 0.365278 0.0359375 0.0601852 10
2 0.176823 0.191667 0.0234375 0.0277778 12
2 0.0739583 0.1 0.0145833 0.0166667 11
2 0.0614583 0.17963 0.0260417 0.0314815 14
2 0.141146 0.160185 0.0208333 0.0240741 9
2 0.141927 0.290278 0.0348958 0.0416667 8
2 0.0989583 0.225463 0.0270833 0.0342593 13
