2 0.36224 0.431019 0.0505208 0.0527778 3
2 0.341406 0.7625 0.0848958 0.137963 6
2 0.27526 0.262963 0.0328125 0.0314815 5
2 0.259375 0.451389 0.0520833 0.0731481 29
2 0.507031 0.579167 0.0661458 0.0768519 2
2 0.251823 0.242593 0.0328125 0.037037 7
2 0.116927 0.263889 0.0328125 0.0388889 4
2 0.216667 0.521759 0.071875 0.108333 26
2 0.408073 0.652315 0.0755208 0.113889 27
2 0.0731771 0.1 0.0151042 0.0166667 11
2 0.153125 0.306944 0.0375 0.0435185 8
2 0.0979167 0.225463 0.0260417 0.0324074 13
2 0.153646 0.170833 0.0197917 0.025 12
2 0.19401 0.365741 0.0432292 0.0666667 10
2 0.140885 0.160648 0.0203125 0.0231481 9
2 0.175521 0.191667 0.0239583 0.0296296 15
