2 0.461979 0.536111 0.065625 0.0666667 3
2 0.636458 0.720833 0.0875 0.100926 2
2 0.115365 0.261111 0.0307292 0.037037 4
2 0.27526 0.262963 0.0328125 0.0314815 5
2 0.252604 0.243056 0.0333333 0.037963 7
2 0.14375 0.29213 0.0375 0.0435185 8
2 0.241406 0.568981 0.0609375 0.0898148 6
2 0.172396 0.331481 0.0447917 0.0592593 10
2 0.694531 0.580093 0.0505208 0.0861111 1
2 0.140625 0.160185 0.0208333 0.0240741 9
2 0.304948 0.513426 0.0578125 0.0842593 27
2 0.153906 0.170833 0.0192708 0.025 12
2 0.0981771 0.225926 0.0265625 0.0333333 13
