2 0.710417 0.45463 0.078125 0.0537037 42
2 0.426302 0.693519 0.100521 0.133333 101
2 0.276042 0.2625 0.0322917 0.0324074 5
2 0.252865 0.243056 0.0328125 0.037963 7
2 0.0817708 0.13287 0.0177083 0.0231481 55
2 0.209375 0.321296 0.0416667 0.0555556 90
2 0.103906 0.250463 0.0286458 0.0361111 105
2 0.211719 0.215741 0.0328125 0.0351852 43
2 0.0208333 0.0694444 0.0125 0.0148148 2
2 0.822917 0.427315 0.0927083 0.0657407 87
2 0.177083 0.19213 0.0229167 0.0268519 106
2 0.153906 0.171759 0.0192708 0.0231481 15
2 0.141146 0.160185 0.0208333 0.0240741 91
