2 0.232552 0.293519 0.0328125 0.037037 3
2 0.326562 0.389352 0.0427083 0.0490741 2
2 0.276042 0.2625 0.0322917 0.0324074 5
2 0.438021 0.696759 0.0833333 0.128704 29
2 0.380469 0.834722 0.0671875 0.123148 40
2 0.284375 0.486574 0.065625 0.087963 10
2 0.233073 0.54213 0.0557292 0.0768519 33
2 0.192188 0.379167 0.0385417 0.0546296 8
2 0.252604 0.243519 0.0322917 0.037037 7
2 0.141146 0.296759 0.0333333 0.0435185 4
2 0.141146 0.160185 0.0208333 0.0240741 9
2 0.104427 0.236111 0.0276042 0.037037 13
2 0.178385 0.193056 0.0234375 0.0268519 15
