2 0.710156 0.454167 0.0776042 0.0527778 42
2 0.490625 0.79537 0.10625 0.174074 73
2 0.815625 0.430093 0.0927083 0.0675926 87
2 0.276042 0.2625 0.0322917 0.0324074 5
2 0.252865 0.243056 0.0317708 0.0361111 7
2 0.0481771 0.0976852 0.0151042 0.0175926 55
2 0.276302 0.397685 0.0494792 0.0694444 90
2 0.191927 0.42037 0.0401042 0.0592593 105
2 0.177083 0.191667 0.0239583 0.0277778 106
2 0.211458 0.215741 0.0333333 0.0351852 43
2 0.154167 0.170833 0.01875 0.0231481 15
2 0.13099 0.15 0.0213542 0.0240741 91
