2 0.523177 0.838426 0.105729 0.160185 4
2 0.710156 0.45463 0.0776042 0.0537037 42
2 0.285938 0.489352 0.0541667 0.0768519 13
2 0.275781 0.262963 0.0328125 0.0314815 5
2 0.328385 0.386111 0.0453125 0.0555556 55
2 0.252865 0.243519 0.0328125 0.037037 7
2 0.104948 0.156944 0.0192708 0.0231481 2
2 0.177083 0.191667 0.0239583 0.0277778 15
2 0.0817708 0.128241 0.0177083 0.0212963 3
2 0.211979 0.215741 0.0322917 0.0351852 43
2 0.154167 0.171296 0.0197917 0.0222222 50
2 0.195312 0.204167 0.025 0.0268519 64
