2 0.710156 0.454167 0.0776042 0.0527778 42
2 0.454167 0.741667 0.0979167 0.159259 73
2 0.815625 0.430093 0.0927083 0.0675926 87
2 0.276042 0.262037 0.0322917 0.0333333 5
2 0.252865 0.243056 0.0317708 0.0361111 7
2 0.0510417 0.099537 0.0166667 0.0194444 55
2 0.177083 0.191204 0.0239583 0.0287037 106
2 0.272135 0.393519 0.0494792 0.0685185 90
2 0.211458 0.215741 0.0333333 0.0351852 43
2 0.154167 0.170833 0.01875 0.0231481 15
2 0.0046875 0.0523148 0.009375 0.0138889 2
2 0.13099 0.149537 0.0213542 0.025 91
2 0.18151 0.399074 0.0390625 0.0555556 105
2 0.0695313 0.0944444 0.0130208 0.0166667 94
