2 0.710417 0.45463 0.078125 0.0537037 42
2 0.276042 0.2625 0.0322917 0.0324074 5
2 0.253125 0.243519 0.0333333 0.0388889 7
2 0.0463542 0.0958333 0.0145833 0.0175926 2
2 0.0611979 0.177778 0.0203125 0.0277778 92
2 0.142187 0.193056 0.0239583 0.0305556 55
2 0.211458 0.215741 0.0333333 0.0351852 43
2 0.176823 0.19213 0.0234375 0.0268519 15
2 0.13151 0.277778 0.0338542 0.0518519 73
2 0.947396 0.40787 0.0885417 0.0638889 87
2 0.0317708 0.0805556 0.0135417 0.0166667 3
2 0.115365 0.236574 0.0328125 0.0416667 90
2 0.140885 0.160648 0.0203125 0.0231481 91
2 0.0734375 0.099537 0.0145833 0.0157407 93
2 0.536979 0.866204 0.125 0.186111 76
