2 0.834635 0.433333 0.0755208 0.0518519 42
2 0.15026 0.203704 0.0244792 0.0277778 3
2 0.130729 0.275 0.03125 0.0444444 13
2 0.303125 0.529167 0.0729167 0.0768519 8
2 0.215625 0.271759 0.0291667 0.0361111 2
2 0.276042 0.262963 0.0322917 0.0314815 5
2 0.19349 0.373148 0.0380208 0.0518519 4
2 0.211979 0.215741 0.0322917 0.0351852 43
2 0.253125 0.243519 0.0322917 0.037037 7
2 0.502604 0.79537 0.115625 0.159259 10
2 0.130729 0.149537 0.0208333 0.0231481 50
2 0.177083 0.191667 0.0239583 0.0277778 15
2 0.472917 0.915741 0.0958333 0.161111 33
2 0.0736979 0.1 0.0151042 0.0166667 46
2 0.140885 0.160185 0.0203125 0.0240741 9
