2 0.709896 0.45463 0.078125 0.0537037 42
2 0.3875 0.639352 0.0895833 0.121296 101
2 0.27526 0.2625 0.0328125 0.0305556 5
2 0.252604 0.243056 0.0333333 0.037963 7
2 0.0861979 0.137037 0.0182292 0.0240741 55
2 0.211458 0.215278 0.0333333 0.0361111 43
2 0.0226562 0.0712963 0.0119792 0.0148148 2
2 0.199479 0.312037 0.0416667 0.0537037 90
2 0.826823 0.425926 0.0921875 0.0648148 87
2 0.153646 0.171296 0.01875 0.0240741 15
2 0.00651042 0.0578704 0.0130208 0.012037 3
2 0.0739583 0.1 0.0135417 0.0166667 93
2 0.217969 0.403241 0.0505208 0.075 73
