2 0.710417 0.45463 0.078125 0.0537037 42
2 0.276042 0.2625 0.0322917 0.0324074 5
2 0.247656 0.443519 0.0536458 0.0777778 73
2 0.0783854 0.128704 0.0182292 0.0222222 55
2 0.459896 0.743056 0.108333 0.147222 101
2 0.253125 0.243056 0.0333333 0.037963 7
2 0.820312 0.429167 0.0927083 0.0694444 87
2 0.0190104 0.0685185 0.0119792 0.0148148 2
2 0.217188 0.329167 0.0427083 0.0546296 90
2 0.110156 0.260185 0.0276042 0.037037 105
2 0.211458 0.215741 0.0333333 0.0351852 43
2 0.153906 0.171296 0.0192708 0.0222222 15
2 0.00442708 0.0537037 0.00885417 0.012963 3
2 0.194531 0.203704 0.0234375 0.0277778 94
2 0.177344 0.191667 0.0244792 0.0277778 106
