2 0.864844 0.826389 0.141146 0.139815 1
2 0.764583 0.861574 0.113542 0.126852 2
2 0.602604 0.6875 0.0885417 0.0935185 3
2 0.115104 0.260185 0.0302083 0.037037 4
2 0.27526 0.2625 0.0328125 0.0305556 5
2 0.182292 0.463426 0.0520833 0.0694444 6
2 0.252344 0.243056 0.0328125 0.037963 7
2 0.141406 0.290278 0.0348958 0.0416667 8
2 0.19375 0.365278 0.0354167 0.0601852 10
2 0.0609375 0.180556 0.025 0.0314815 14
2 0.0734375 0.099537 0.0145833 0.0175926 11
2 0.140885 0.160185 0.0203125 0.0240741 9
2 0.176042 0.191204 0.0229167 0.0287037 12
2 0.0979167 0.225 0.0260417 0.0333333 13
