2 0.710156 0.454167 0.0776042 0.0546296 42
2 0.275781 0.2625 0.0328125 0.0324074 5
2 0.252865 0.243519 0.0338542 0.0388889 7
2 0.0471354 0.0967593 0.0140625 0.0175926 2
2 0.143229 0.194444 0.0239583 0.0296296 55
2 0.0320312 0.0810185 0.0140625 0.0175926 3
2 0.211458 0.215741 0.0333333 0.0351852 43
2 0.0604167 0.177315 0.0208333 0.0268519 92
2 0.176563 0.19213 0.0229167 0.0268519 15
2 0.951302 0.406481 0.0890625 0.0648148 87
2 0.523438 0.846296 0.120833 0.17963 76
2 0.130208 0.277315 0.034375 0.0509259 73
2 0.140885 0.160648 0.0203125 0.0231481 91
2 0.0734375 0.1 0.0145833 0.0166667 93
