2 0.710156 0.45463 0.0786458 0.0537037 42
2 0.276042 0.262963 0.0322917 0.0314815 5
2 0.338542 0.568519 0.078125 0.103704 101
2 0.252865 0.243056 0.0328125 0.037963 7
2 0.0270833 0.0759259 0.0125 0.0148148 2
2 0.184115 0.296759 0.0401042 0.0509259 90
2 0.0953125 0.145833 0.0197917 0.025 55
2 0.193229 0.371759 0.0385417 0.0675926 73
2 0.838021 0.425463 0.0916667 0.0675926 87
2 0.211458 0.215278 0.0333333 0.0361111 43
2 0.0739583 0.1 0.0145833 0.0166667 93
2 0.153906 0.171759 0.0192708 0.0231481 15
2 0.0114583 0.062037 0.0114583 0.012963 3
2 0.195573 0.203704 0.0255208 0.0277778 94
