2 0.748177 0.843056 0.110937 0.123148 2
2 0.789844 0.754167 0.122396 0.119444 1
2 0.575521 0.658796 0.084375 0.087963 3
2 0.114844 0.260648 0.0307292 0.037963 4
2 0.189062 0.478241 0.0489583 0.0712963 6
2 0.275521 0.2625 0.0322917 0.0324074 5
2 0.252604 0.243056 0.0333333 0.037963 7
2 0.141667 0.289815 0.0354167 0.0407407 8
2 0.0729167 0.099537 0.0145833 0.0175926 11
2 0.0979167 0.225 0.0260417 0.0333333 13
2 0.0601563 0.180093 0.0255208 0.0305556 14
2 0.140885 0.160185 0.0203125 0.0240741 9
2 0.176302 0.191667 0.0234375 0.0277778 12
2 0.194792 0.366667 0.034375 0.0592593 10
