2 0.710156 0.45463 0.0776042 0.0537037 42
2 0.373437 0.622222 0.0791667 0.125926 73
2 0.260156 0.378704 0.0473958 0.0648148 90
2 0.276302 0.2625 0.0328125 0.0324074 5
2 0.815885 0.430093 0.0932292 0.0675926 87
2 0.0585938 0.106944 0.0171875 0.0194444 55
2 0.253385 0.242593 0.0328125 0.037037 7
2 0.141146 0.159722 0.0197917 0.025 91
2 0.00729167 0.0560185 0.0114583 0.0138889 2
2 0.176302 0.191204 0.0223958 0.0287037 106
2 0.15599 0.347685 0.0338542 0.0490741 105
2 0.195573 0.203704 0.0244792 0.0277778 94
