2 0.785677 0.44213 0.0744792 0.0527778 42
2 0.876823 0.945833 0.153646 0.10463 55
2 0.276302 0.2625 0.0328125 0.0324074 5
2 0.188021 0.24213 0.0260417 0.0324074 2
2 0.129427 0.182407 0.0223958 0.0259259 3
2 0.364063 0.613889 0.0864583 0.0944444 8
2 0.145833 0.296759 0.0333333 0.0472222 13
2 0.253125 0.243981 0.0333333 0.037963 7
2 0.177083 0.191667 0.0239583 0.0277778 15
2 0.211719 0.215741 0.0328125 0.0351852 43
2 0.10599 0.24537 0.0296875 0.0388889 52
2 0.196094 0.20463 0.0265625 0.0277778 50
