2 0.710417 0.45463 0.0770833 0.0537037 42
2 0.261458 0.457407 0.0510417 0.0722222 13
2 0.110937 0.162963 0.0197917 0.0240741 2
2 0.275781 0.262963 0.0328125 0.0314815 5
2 0.353906 0.4125 0.0484375 0.0583333 55
2 0.464583 0.756944 0.09375 0.130556 4
2 0.252865 0.243519 0.0328125 0.037037 7
2 0.177083 0.191667 0.0239583 0.0277778 15
2 0.0861979 0.133333 0.0171875 0.0203704 3
2 0.211979 0.215741 0.0322917 0.0351852 43
2 0.154167 0.171296 0.0197917 0.0222222 50
2 0.195312 0.204167 0.025 0.0268519 64
