2 0.257812 0.598148 0.0645833 0.0962963 6
2 0.440625 0.5125 0.0625 0.0657407 3
2 0.115365 0.260648 0.0307292 0.037963 4
2 0.707292 0.556944 0.059375 0.0842593 1
2 0.608854 0.6875 0.0822917 0.100926 2
2 0.275521 0.262963 0.0322917 0.0314815 5
2 0.252604 0.242593 0.0322917 0.037037 7
2 0.145833 0.293519 0.0375 0.0425926 8
2 0.177083 0.336574 0.0458333 0.062037 10
2 0.153906 0.171296 0.0192708 0.0240741 12
2 0.0984375 0.225926 0.0260417 0.0333333 13
2 0.222656 0.398611 0.0453125 0.0675926 29
2 0.141146 0.160185 0.0208333 0.0240741 9
2 0.324479 0.538889 0.0604167 0.0907407 27
2 0.0734375 0.1 0.015625 0.0166667 11
2 0.176042 0.191667 0.0239583 0.0296296 15
