2 0.742969 0.449537 0.0755208 0.0527778 42
2 0.611719 0.6875 0.0911458 0.10463 55
2 0.276042 0.2625 0.0322917 0.0324074 5
2 0.158594 0.214815 0.0234375 0.0259259 2
2 0.0872396 0.120833 0.0328125 0.0194444 57
2 0.270573 0.480093 0.0536458 0.0694444 4
2 0.252865 0.243519 0.0328125 0.037037 7
2 0.110677 0.162963 0.0203125 0.0240741 3
2 0.16901 0.331019 0.0369792 0.0509259 13
2 0.211719 0.215741 0.0328125 0.0351852 43
2 0.461719 0.750463 0.109896 0.125 8
2 0.175521 0.190741 0.025 0.0296296 50
2 0.0583333 0.174074 0.021875 0.0314815 60
2 0.177083 0.191667 0.0239583 0.0277778 15
