2 0.745573 0.706944 0.104688 0.110185 1
2 0.729427 0.824074 0.105729 0.118519 2
2 0.551302 0.631944 0.0796875 0.0824074 3
2 0.114844 0.260648 0.0307292 0.0361111 4
2 0.27526 0.262963 0.0328125 0.0314815 5
2 0.252604 0.243056 0.0333333 0.037963 7
2 0.141667 0.289815 0.0354167 0.0407407 8
2 0.0979167 0.225463 0.0260417 0.0342593 13
2 0.0726563 0.1 0.0151042 0.0166667 11
2 0.140625 0.160185 0.0208333 0.0240741 9
2 0.153646 0.17037 0.01875 0.0240741 12
2 0.0601563 0.178704 0.0255208 0.0314815 14
2 0.198698 0.49213 0.0536458 0.075 6
2 0.176302 0.191667 0.0244792 0.0277778 15
