2 0.501563 0.811574 0.108333 0.176852 73
2 0.709896 0.454167 0.078125 0.0527778 42
2 0.815625 0.430093 0.0927083 0.0675926 87
2 0.275781 0.262037 0.0328125 0.0333333 5
2 0.252865 0.24213 0.0317708 0.0361111 7
2 0.19375 0.425926 0.0375 0.0592593 105
2 0.0471354 0.0962963 0.0151042 0.0185185 55
2 0.177083 0.191667 0.0239583 0.0277778 106
2 0.276562 0.398611 0.05 0.0694444 90
2 0.153906 0.170833 0.0192708 0.0231481 15
2 0.211458 0.215741 0.0333333 0.0351852 43
2 0.13099 0.149537 0.0213542 0.025 91
2 0.0739583 0.1 0.0145833 0.0166667 94
