2 0.661979 0.749074 0.0927083 0.103704 2
2 0.229167 0.543981 0.0583333 0.0842593 6
2 0.483333 0.55787 0.06875 0.0712963 3
2 0.115104 0.261111 0.0302083 0.037037 4
2 0.27526 0.262963 0.0328125 0.0314815 5
2 0.252604 0.243056 0.0333333 0.037963 7
2 0.142187 0.291667 0.0364583 0.0425926 8
2 0.169792 0.327315 0.0447917 0.0601852 10
2 0.0979167 0.225463 0.0260417 0.0324074 13
2 0.691927 0.606944 0.0546875 0.0935185 1
2 0.153646 0.170833 0.01875 0.025 12
2 0.140625 0.160185 0.0208333 0.0240741 9
2 0.0729167 0.1 0.015625 0.0166667 11
2 0.176302 0.191667 0.0244792 0.0277778 15
