2 0.372917 0.623611 0.071875 0.0972222 4
2 0.714323 0.454167 0.0765625 0.0527778 42
2 0.422135 0.483333 0.0588542 0.0685185 55
2 0.275781 0.262963 0.0328125 0.0314815 5
2 0.126042 0.179167 0.0208333 0.025 2
2 0.0950521 0.14213 0.0192708 0.0212963 3
2 0.252865 0.243519 0.0328125 0.037037 7
2 0.0445313 0.123148 0.0265625 0.0222222 57
2 0.176563 0.191667 0.0239583 0.0277778 15
2 0.211979 0.215741 0.0322917 0.0351852 43
2 0.220573 0.399074 0.0463542 0.0685185 13
2 0.0651042 0.184259 0.0229167 0.0333333 60
2 0.195052 0.204167 0.0244792 0.0268519 50
