2 0.710677 0.45463 0.0776042 0.0537037 42
2 0.275781 0.262963 0.0328125 0.0314815 5
2 0.370833 0.431481 0.0541667 0.0592593 55
2 0.115365 0.167593 0.0203125 0.0240741 2
2 0.252865 0.243519 0.0328125 0.037037 7
2 0.434375 0.713889 0.0854167 0.118519 4
2 0.0885417 0.135185 0.0177083 0.0203704 3
2 0.247396 0.439815 0.0489583 0.0685185 13
2 0.177083 0.191667 0.0239583 0.0277778 15
2 0.211979 0.215741 0.0322917 0.0351852 43
2 0.0682292 0.188426 0.025 0.0342593 60
2 0.154167 0.171296 0.0197917 0.0222222 50
