2 0.710417 0.45463 0.078125 0.0537037 42
2 0.276042 0.2625 0.0322917 0.0324074 5
2 0.257031 0.455093 0.0578125 0.0953704 73
2 0.253125 0.243056 0.0333333 0.037963 7
2 0.222656 0.334722 0.0432292 0.0564815 90
2 0.81901 0.429167 0.0932292 0.0694444 87
2 0.0760417 0.126389 0.0177083 0.0212963 55
2 0.489063 0.784259 0.117708 0.162963 101
2 0.114583 0.268519 0.028125 0.0388889 105
2 0.211458 0.215741 0.0333333 0.0351852 43
2 0.154167 0.171296 0.0197917 0.0222222 15
2 0.00338542 0.0532407 0.00677083 0.012037 3
2 0.177344 0.191667 0.0244792 0.0277778 106
2 0.194531 0.203704 0.0234375 0.0277778 94
2 0.0174479 0.0662037 0.0119792 0.0157407 2
2 0.141146 0.159722 0.0208333 0.025 91
