2 0.582031 0.660648 0.0786458 0.087963 2
2 0.724479 0.538889 0.0666667 0.0814815 1
2 0.114844 0.261574 0.0317708 0.037963 4
2 0.274479 0.631019 0.06875 0.10463 6
2 0.251823 0.242593 0.0328125 0.037037 7
2 0.275 0.2625 0.0322917 0.0324074 5
2 0.146615 0.297222 0.0369792 0.0425926 8
2 0.419271 0.49213 0.0583333 0.0601852 3
2 0.0726563 0.1 0.0151042 0.0166667 11
2 0.0979167 0.225926 0.0260417 0.0333333 13
2 0.180729 0.341667 0.0458333 0.0648148 10
2 0.140625 0.160648 0.0208333 0.0231481 9
2 0.153385 0.170833 0.0192708 0.025 12
2 0.340885 0.562963 0.0630208 0.0944444 27
2 0.175781 0.191667 0.0244792 0.0296296 15
