2 0.710156 0.45463 0.0786458 0.0537037 42
2 0.275781 0.2625 0.0328125 0.0324074 5
2 0.0848958 0.135185 0.01875 0.0240741 55
2 0.398698 0.654167 0.0921875 0.125 101
2 0.252604 0.243056 0.0333333 0.037963 7
2 0.211719 0.215278 0.0328125 0.0361111 43
2 0.0223958 0.0708333 0.0125 0.0157407 2
2 0.202604 0.315278 0.0416667 0.0527778 90
2 0.222135 0.406019 0.0484375 0.0805556 73
2 0.153906 0.171759 0.0192708 0.0231481 15
2 0.0739583 0.1 0.0145833 0.0166667 93
2 0.825521 0.425926 0.0927083 0.0648148 87
2 0.177083 0.19213 0.021875 0.0268519 91
