2 0.709375 0.45463 0.078125 0.0537037 42
2 0.275 0.2625 0.0322917 0.0324074 5
2 0.252083 0.243056 0.0333333 0.037963 7
2 0.32474 0.549537 0.0755208 0.0990741 101
2 0.0973958 0.148611 0.0197917 0.025 55
2 0.0278646 0.0773148 0.0119792 0.0157407 2
2 0.189323 0.362963 0.0432292 0.0648148 73
2 0.178125 0.291667 0.040625 0.05 90
2 0.0734375 0.1 0.0135417 0.0166667 93
2 0.211198 0.215278 0.0328125 0.0361111 43
2 0.840625 0.425463 0.09375 0.0675926 87
2 0.153385 0.171296 0.0192708 0.0240741 15
2 0.141146 0.160185 0.0208333 0.0240741 91
2 0.0117188 0.0634259 0.0119792 0.012037 3
