2 0.351823 0.594907 0.0682292 0.0898148 4
2 0.717448 0.453704 0.0765625 0.0537037 42
2 0.445312 0.506944 0.0625 0.0731481 55
2 0.275781 0.262963 0.0328125 0.0314815 5
2 0.252865 0.243519 0.0328125 0.037037 7
2 0.13125 0.183796 0.0208333 0.0268519 2
2 0.0971354 0.144444 0.0182292 0.0222222 3
2 0.176563 0.191667 0.0239583 0.0277778 15
2 0.0479167 0.122222 0.0291667 0.0203704 57
2 0.211979 0.215741 0.0322917 0.0351852 43
2 0.209375 0.384259 0.0416667 0.062963 13
2 0.195052 0.204167 0.0244792 0.0268519 50
