2 0.933333 0.468981 0.0833333 0.0675926 1
2 0.304427 0.371296 0.0432292 0.0444444 3
2 0.309635 0.518056 0.0609375 0.087963 29
2 0.275521 0.2625 0.03125 0.0324074 5
2 0.123958 0.273148 0.03125 0.0388889 4
2 0.460417 0.95 0.105208 0.0962963 6
2 0.428906 0.49537 0.0557292 0.0666667 2
2 0.251823 0.243981 0.0328125 0.0361111 7
2 0.167448 0.431944 0.0453125 0.062037 33
2 0.211458 0.216204 0.0333333 0.0361111 15
2 0.510677 0.794907 0.0953125 0.147222 27
2 0.0984375 0.227778 0.0270833 0.037037 13
2 0.165104 0.327778 0.0385417 0.0462963 8
2 0.140885 0.160648 0.0203125 0.025 9
2 0.0734375 0.1 0.0145833 0.0166667 11
