2 0.523438 0.598148 0.06875 0.0796296 2
2 0.325521 0.72963 0.0833333 0.131481 6
2 0.27526 0.262963 0.0328125 0.0314815 5
2 0.116406 0.262963 0.0317708 0.0388889 4
2 0.251823 0.242593 0.0328125 0.037037 7
2 0.37474 0.444907 0.0515625 0.0546296 3
2 0.150781 0.304167 0.0380208 0.0435185 8
2 0.391927 0.631944 0.0723958 0.110185 27
2 0.252083 0.440741 0.0510417 0.0722222 29
2 0.0731771 0.1 0.0151042 0.0166667 11
2 0.153646 0.170833 0.0197917 0.025 12
2 0.140885 0.160648 0.0203125 0.0231481 9
2 0.0979167 0.225463 0.0260417 0.0324074 13
2 0.192969 0.359259 0.0484375 0.0648148 10
2 0.175521 0.191667 0.0239583 0.0296296 15
