2 0.576562 0.650926 0.0833333 0.0962963 55
2 0.736198 0.450926 0.0755208 0.0518519 42
2 0.28125 0.49537 0.0552083 0.0703704 4
2 0.276042 0.262963 0.0322917 0.0314815 5
2 0.108333 0.159722 0.0208333 0.0231481 3
2 0.0802083 0.12037 0.0333333 0.0203704 57
2 0.252865 0.243519 0.0328125 0.037037 7
2 0.174479 0.339352 0.0375 0.0527778 13
2 0.153385 0.206944 0.0244792 0.0287037 2
2 0.484375 0.785648 0.115625 0.132407 8
2 0.211719 0.215741 0.0328125 0.0351852 43
2 0.121354 0.266667 0.0333333 0.0462963 52
2 0.177083 0.191667 0.0239583 0.0277778 15
2 0.0591146 0.175 0.0223958 0.0314815 60
2 0.140885 0.160648 0.0203125 0.0231481 62
2 0.197135 0.205556 0.0265625 0.0259259 50
