2 0.353385 0.422685 0.0494792 0.0509259 3
2 0.355469 0.788426 0.0880208 0.14537 6
2 0.496094 0.56713 0.0651042 0.075 2
2 0.265104 0.459259 0.053125 0.0759259 29
2 0.27526 0.262963 0.0328125 0.0314815 5
2 0.251823 0.242593 0.0328125 0.037037 7
2 0.117969 0.264815 0.0317708 0.0388889 4
2 0.154688 0.309259 0.0385417 0.0444444 8
2 0.223437 0.533333 0.0739583 0.105556 26
2 0.146615 0.394907 0.0348958 0.0509259 33
2 0.0731771 0.1 0.0151042 0.0166667 11
2 0.0979167 0.225463 0.0260417 0.0324074 13
2 0.419792 0.668981 0.078125 0.123148 27
2 0.140885 0.160648 0.0203125 0.0231481 9
2 0.153646 0.170833 0.0197917 0.025 12
2 0.175521 0.191667 0.0239583 0.0296296 15
2 0.823958 0.490278 0.084375 0.0564815 1
