2 0.278906 0.622685 0.0651042 0.0972222 33
2 0.288802 0.349537 0.0369792 0.0453704 2
2 0.971875 0.40787 0.0552083 0.0490741 42
2 0.204427 0.2625 0.0296875 0.0342593 3
2 0.533594 0.833796 0.104688 0.162037 29
2 0.276042 0.2625 0.0322917 0.0324074 5
2 0.152865 0.312963 0.0348958 0.0444444 4
2 0.325781 0.544907 0.0744792 0.0990741 10
2 0.252604 0.243519 0.0322917 0.037037 7
2 0.211979 0.215741 0.034375 0.0351852 43
2 0.107031 0.243056 0.0317708 0.0398148 13
2 0.176823 0.19213 0.0234375 0.0268519 15
2 0.141146 0.160648 0.0208333 0.0231481 9
