2 0.254948 0.318519 0.0369792 0.0407407 3
2 0.358854 0.422222 0.046875 0.0537037 2
2 0.275521 0.2625 0.0322917 0.0324074 5
2 0.384896 0.622685 0.0739583 0.112037 29
2 0.258854 0.449074 0.0614583 0.087037 10
2 0.252344 0.243519 0.0338542 0.037037 7
2 0.20625 0.496296 0.0510417 0.0740741 33
2 0.101042 0.23287 0.0270833 0.037963 13
2 0.347656 0.765741 0.113021 0.185185 26
2 0.211719 0.216204 0.0328125 0.0361111 15
2 0.133333 0.286111 0.0322917 0.0407407 4
2 0.140885 0.160185 0.0203125 0.0240741 9
2 0.0736979 0.1 0.0140625 0.0166667 11
