2 0.79349 0.441204 0.0755208 0.0509259 42
2 0.142448 0.293056 0.0328125 0.0472222 13
2 0.276302 0.2625 0.0328125 0.0324074 5
2 0.192708 0.246759 0.0270833 0.0342593 2
2 0.351823 0.596759 0.0838542 0.0916667 8
2 0.133073 0.186111 0.0223958 0.0277778 3
2 0.253646 0.243981 0.0322917 0.037963 7
2 0.62474 0.924074 0.153646 0.144444 10
2 0.177083 0.19213 0.0239583 0.0287037 15
2 0.211719 0.215741 0.0328125 0.0351852 43
2 0.103906 0.241667 0.0307292 0.0425926 52
2 0.195833 0.204167 0.0260417 0.0268519 50
