2 0.773958 0.739352 0.115625 0.117593 1
2 0.742448 0.8375 0.108854 0.123148 2
2 0.567187 0.649537 0.0833333 0.0861111 3
2 0.115365 0.260185 0.0307292 0.037037 4
2 0.27526 0.262963 0.0328125 0.0314815 5
2 0.253125 0.243056 0.0322917 0.0361111 7
2 0.190104 0.48287 0.046875 0.0731481 6
2 0.141927 0.289815 0.0348958 0.0407407 8
2 0.0981771 0.225463 0.0265625 0.0342593 13
2 0.0731771 0.1 0.0151042 0.0166667 11
2 0.153906 0.170833 0.0192708 0.025 12
2 0.0596354 0.179167 0.0244792 0.0305556 14
2 0.141146 0.160185 0.0208333 0.0240741 9
2 0.177083 0.19213 0.025 0.0287037 15
