2 0.710417 0.45463 0.078125 0.0537037 42
2 0.276042 0.262963 0.0322917 0.0314815 5
2 0.191927 0.368056 0.0401042 0.0675926 73
2 0.252604 0.243056 0.0333333 0.037963 7
2 0.0273438 0.0763889 0.0119792 0.0157407 2
2 0.182031 0.294907 0.0401042 0.0509259 90
2 0.333333 0.560185 0.0770833 0.101852 101
2 0.0960938 0.147222 0.0203125 0.0259259 55
2 0.839062 0.425 0.0916667 0.0685185 87
2 0.211719 0.215278 0.0328125 0.0361111 43
2 0.0739583 0.1 0.0145833 0.0166667 93
2 0.153646 0.171296 0.01875 0.0240741 15
2 0.195312 0.203704 0.0260417 0.0277778 94
2 0.0114583 0.0625 0.0114583 0.0138889 3
2 0.141406 0.159722 0.0213542 0.0231481 91
