2 0.352865 0.783796 0.0880208 0.14537 6
2 0.498177 0.568981 0.0651042 0.075 2
2 0.222135 0.531481 0.0723958 0.105556 26
2 0.355469 0.424074 0.0494792 0.05 3
2 0.264583 0.457407 0.0520833 0.0759259 29
2 0.27526 0.262963 0.0328125 0.0314815 5
2 0.251823 0.242593 0.0328125 0.037037 7
2 0.146094 0.394907 0.0338542 0.0509259 33
2 0.117969 0.264352 0.0317708 0.0398148 4
2 0.0731771 0.1 0.0151042 0.0166667 11
2 0.154688 0.308796 0.0375 0.0453704 8
2 0.0979167 0.225463 0.0260417 0.0324074 13
2 0.417187 0.665741 0.0770833 0.122222 27
2 0.153646 0.170833 0.0197917 0.025 12
2 0.140885 0.160648 0.0203125 0.0231481 9
2 0.198698 0.367593 0.0494792 0.0666667 10
2 0.175521 0.191667 0.0239583 0.0296296 15
2 0.819792 0.491204 0.0833333 0.0583333 1
