2 0.710156 0.45463 0.0786458 0.0537037 42
2 0.276042 0.2625 0.0322917 0.0324074 5
2 0.252865 0.243519 0.0328125 0.037037 7
2 0.117969 0.168056 0.0213542 0.0268519 55
2 0.145573 0.2625 0.0380208 0.0453704 90
2 0.0367188 0.0861111 0.0140625 0.0166667 2
2 0.883594 0.418519 0.0901042 0.0648148 87
2 0.0739583 0.1 0.0145833 0.0166667 93
2 0.156771 0.314815 0.0395833 0.0574074 73
2 0.211719 0.215741 0.0328125 0.0351852 43
2 0.140625 0.160185 0.0208333 0.0240741 91
2 0.0210938 0.0717593 0.0130208 0.0138889 3
