2 0.860938 0.485185 0.0833333 0.0703704 1
2 0.334896 0.403241 0.046875 0.0490741 3
2 0.470833 0.539815 0.0614583 0.0703704 2
2 0.155729 0.408796 0.0333333 0.0509259 33
2 0.279948 0.478241 0.0557292 0.0805556 29
2 0.275781 0.262963 0.0317708 0.0314815 5
2 0.390365 0.856019 0.0984375 0.165741 6
2 0.120313 0.268056 0.03125 0.037963 4
2 0.252083 0.243519 0.0322917 0.037037 7
2 0.211719 0.216204 0.0328125 0.0361111 15
2 0.158073 0.314815 0.0380208 0.0462963 8
2 0.23724 0.558333 0.0807292 0.116667 26
2 0.20625 0.380093 0.0510417 0.0694444 10
2 0.140885 0.160185 0.0203125 0.0240741 12
