2 0.709635 0.45463 0.0786458 0.0537037 42
2 0.275781 0.2625 0.0317708 0.0324074 5
2 0.252604 0.243519 0.0322917 0.037037 7
2 0.135677 0.255093 0.0359375 0.0453704 90
2 0.0393229 0.0888889 0.0140625 0.0166667 2
2 0.9 0.414815 0.0895833 0.0648148 87
2 0.148438 0.303704 0.0375 0.0555556 73
2 0.0736979 0.1 0.0140625 0.0166667 93
2 0.211979 0.216204 0.0322917 0.0361111 43
2 0.124219 0.175 0.0223958 0.0277778 55
2 0.0239583 0.0731481 0.0135417 0.0148148 3
2 0.0710937 0.190741 0.0203125 0.0277778 92
2 0.176042 0.191667 0.0229167 0.0277778 15
