2 0.703646 0.794907 0.101042 0.112037 2
2 0.710938 0.660648 0.0854167 0.0990741 1
2 0.522656 0.602315 0.0744792 0.0768519 3
2 0.114844 0.260648 0.0307292 0.0361111 4
2 0.27526 0.262963 0.0328125 0.0314815 5
2 0.252604 0.243519 0.0322917 0.037037 7
2 0.141667 0.290278 0.0354167 0.0416667 8
2 0.0981771 0.225926 0.0265625 0.0333333 13
2 0.153906 0.170833 0.0192708 0.025 12
2 0.0731771 0.1 0.0151042 0.0166667 11
2 0.140625 0.160185 0.0208333 0.0240741 9
2 0.166146 0.321759 0.04375 0.0601852 10
2 0.209896 0.514352 0.0572917 0.0768519 6
2 0.176302 0.191667 0.0244792 0.0277778 15
