2 0.310417 0.703241 0.0770833 0.125 6
2 0.5375 0.613426 0.0708333 0.0805556 2
2 0.385156 0.455556 0.0536458 0.0555556 3
2 0.15 0.302315 0.0375 0.0435185 8
2 0.115625 0.262037 0.03125 0.0388889 4
2 0.27526 0.262963 0.0328125 0.0314815 5
2 0.251823 0.242593 0.0328125 0.037037 7
2 0.0731771 0.1 0.0151042 0.0166667 11
2 0.759375 0.513426 0.059375 0.0768519 1
2 0.188542 0.350463 0.0458333 0.075 10
2 0.153646 0.170833 0.01875 0.025 12
2 0.0979167 0.225463 0.0260417 0.0324074 13
2 0.140885 0.160648 0.0203125 0.0231481 9
2 0.379427 0.614815 0.0703125 0.107407 27
2 0.245833 0.432407 0.0489583 0.0703704 29
2 0.175521 0.191667 0.0239583 0.0296296 15
