2 0.377865 0.612037 0.0723958 0.109259 29
2 0.259375 0.322685 0.0364583 0.0416667 3
2 0.25599 0.44537 0.0588542 0.0814815 10
2 0.364583 0.429167 0.046875 0.0564815 2
2 0.276042 0.2625 0.03125 0.0324074 5
2 0.252604 0.243056 0.0322917 0.0361111 7
2 0.342448 0.754167 0.110937 0.182407 26
2 0.132812 0.285185 0.0322917 0.0407407 4
2 0.211719 0.215741 0.0328125 0.0351852 15
2 0.141146 0.160185 0.0208333 0.0240741 9
2 0.183073 0.356019 0.0421875 0.0509259 8
2 0.201823 0.489352 0.0505208 0.0694444 33
2 0.100781 0.231944 0.0276042 0.0416667 13
