2 0.434115 0.506944 0.0609375 0.0638889 3
2 0.115104 0.260648 0.03125 0.037963 4
2 0.27526 0.262963 0.0328125 0.0314815 5
2 0.601302 0.681944 0.0817708 0.0916667 2
2 0.710938 0.551389 0.0614583 0.0805556 1
2 0.252083 0.242593 0.0333333 0.037037 7
2 0.261979 0.605556 0.065625 0.0962963 6
2 0.177865 0.338426 0.0453125 0.062037 10
2 0.0979167 0.225926 0.0260417 0.0333333 13
2 0.145833 0.29537 0.0375 0.0425926 8
2 0.153646 0.170833 0.0197917 0.025 12
2 0.0731771 0.1 0.0151042 0.0166667 11
2 0.175781 0.191667 0.0234375 0.0296296 15
2 0.140885 0.160648 0.0203125 0.0231481 9
