2 0.448958 0.522685 0.0635417 0.0657407 3
2 0.620313 0.703241 0.084375 0.0972222 2
2 0.700521 0.566667 0.0552083 0.0851852 1
2 0.115365 0.261111 0.0307292 0.037037 4
2 0.251042 0.584722 0.0614583 0.0953704 6
2 0.27526 0.262963 0.0328125 0.0314815 5
2 0.252083 0.242593 0.0322917 0.037037 7
2 0.145052 0.293519 0.0369792 0.0425926 8
2 0.17526 0.334722 0.0453125 0.062037 10
2 0.0979167 0.225926 0.0260417 0.0333333 13
2 0.21901 0.397222 0.0453125 0.0685185 29
2 0.153906 0.171296 0.0192708 0.0240741 12
2 0.0731771 0.1 0.0151042 0.0166667 11
2 0.141146 0.160185 0.0208333 0.0240741 9
2 0.176042 0.191204 0.0239583 0.0287037 15
2 0.175 0.448148 0.0614583 0.0907407 26
