2 0.710156 0.45463 0.0776042 0.0537037 42
2 0.275521 0.2625 0.0322917 0.0324074 5
2 0.252344 0.243056 0.0338542 0.037963 7
2 0.0341146 0.0833333 0.0140625 0.0166667 3
2 0.0492187 0.0990741 0.0140625 0.0185185 2
2 0.0575521 0.173148 0.0182292 0.0277778 92
2 0.149479 0.201389 0.025 0.0305556 55
2 0.12526 0.269444 0.0338542 0.0518519 73
2 0.211458 0.215741 0.0333333 0.0351852 43
2 0.472135 0.773148 0.104688 0.157407 76
2 0.0731771 0.099537 0.0151042 0.0175926 93
2 0.10625 0.229167 0.0333333 0.0416667 90
2 0.140885 0.160185 0.0213542 0.0240741 91
2 0.961719 0.401852 0.0755208 0.0666667 87
