2 0.710417 0.45463 0.0770833 0.0537037 42
2 0.45651 0.744907 0.0890625 0.126852 4
2 0.1125 0.163889 0.0197917 0.0240741 2
2 0.275781 0.262963 0.0328125 0.0314815 5
2 0.358854 0.417593 0.05 0.0574074 55
2 0.252865 0.243519 0.0328125 0.037037 7
2 0.256771 0.449537 0.0510417 0.0768519 13
2 0.0869792 0.133796 0.0177083 0.0194444 3
2 0.177083 0.191667 0.0239583 0.0277778 15
2 0.211979 0.215741 0.0322917 0.0351852 43
2 0.154167 0.171296 0.0197917 0.0222222 50
2 0.0690104 0.189352 0.0244792 0.0342593 60
2 0.195312 0.204167 0.025 0.0268519 64
