2 0.876563 0.426389 0.0729167 0.0490741 42
2 0.236979 0.293981 0.0322917 0.0398148 2
2 0.394271 0.8375 0.0895833 0.149074 33
2 0.165365 0.22037 0.0255208 0.0296296 3
2 0.276302 0.2625 0.0328125 0.0324074 5
2 0.271354 0.485648 0.0677083 0.0694444 8
2 0.179167 0.351389 0.0385417 0.0490741 4
2 0.253125 0.243056 0.0322917 0.0361111 7
2 0.122917 0.2625 0.0302083 0.0435185 13
2 0.2125 0.215741 0.0333333 0.0351852 43
2 0.428906 0.689815 0.0994792 0.135185 10
2 0.0742188 0.099537 0.0140625 0.0175926 46
2 0.177344 0.19213 0.0255208 0.0287037 15
