2 0.709896 0.45463 0.078125 0.0537037 42
2 0.275781 0.262963 0.0328125 0.0314815 5
2 0.252865 0.243056 0.0338542 0.037963 7
2 0.211458 0.215741 0.0333333 0.0351852 43
2 0.0640625 0.114815 0.015625 0.0185185 2
2 0.0484375 0.0976852 0.015625 0.0175926 3
2 0.308854 0.535648 0.065625 0.0935185 76
2 0.176563 0.191667 0.0239583 0.0277778 15
2 0.190365 0.243056 0.0286458 0.0361111 55
2 0.153906 0.170833 0.0192708 0.0231481 50
2 0.196615 0.205093 0.0265625 0.0268519 64
2 0.104427 0.239815 0.0296875 0.0425926 73
