2 0.848698 0.431019 0.0692708 0.0527778 42
2 0.153906 0.208796 0.0255208 0.0287037 3
2 0.128646 0.270833 0.0302083 0.0435185 13
2 0.221875 0.277315 0.0302083 0.037963 2
2 0.276302 0.262963 0.0328125 0.0333333 5
2 0.29375 0.513426 0.0708333 0.0805556 8
2 0.190365 0.366204 0.0401042 0.0509259 4
2 0.453646 0.91713 0.104167 0.158333 33
2 0.477865 0.759722 0.113021 0.156481 10
2 0.211979 0.215741 0.0322917 0.0351852 43
2 0.253646 0.243981 0.0322917 0.037963 7
2 0.177344 0.19213 0.0244792 0.0287037 15
2 0.130729 0.149537 0.0208333 0.0231481 50
