2 0.702865 0.561111 0.0567708 0.0851852 1
2 0.445052 0.518519 0.0630208 0.0648148 3
2 0.252865 0.589815 0.0640625 0.0944444 6
2 0.615365 0.697222 0.0838542 0.0962963 2
2 0.115104 0.261111 0.0302083 0.037037 4
2 0.275 0.262963 0.0322917 0.0314815 5
2 0.252083 0.242593 0.0322917 0.037037 7
2 0.145052 0.293519 0.0369792 0.0425926 8
2 0.0979167 0.225926 0.0260417 0.0333333 13
2 0.175521 0.335185 0.0458333 0.0611111 10
2 0.220052 0.399074 0.0463542 0.0666667 29
2 0.153646 0.170833 0.0197917 0.025 12
2 0.0731771 0.1 0.0151042 0.0166667 11
2 0.140885 0.160185 0.0203125 0.0240741 9
2 0.176042 0.191204 0.0239583 0.0287037 15
2 0.176823 0.452778 0.0619792 0.0925926 26
