2 0.709896 0.45463 0.078125 0.0537037 42
2 0.276042 0.2625 0.0322917 0.0324074 5
2 0.151042 0.306944 0.0385417 0.0564815 73
2 0.253125 0.243056 0.0333333 0.037963 7
2 0.138802 0.256944 0.0369792 0.0453704 90
2 0.0393229 0.0884259 0.0130208 0.0175926 2
2 0.894792 0.416667 0.090625 0.0648148 87
2 0.122917 0.173611 0.0229167 0.0287037 55
2 0.0742188 0.1 0.0140625 0.0166667 93
2 0.211979 0.215741 0.0322917 0.0351852 43
2 0.0234375 0.0731481 0.0135417 0.0148148 3
2 0.195833 0.203704 0.0260417 0.0277778 94
