2 0.709635 0.45463 0.0786458 0.0537037 42
2 0.275781 0.2625 0.0317708 0.0324074 5
2 0.252604 0.243519 0.0322917 0.037037 7
2 0.148958 0.30463 0.0375 0.0555556 73
2 0.136458 0.255093 0.0364583 0.0453704 90
2 0.0393229 0.0884259 0.0130208 0.0175926 2
2 0.898438 0.415741 0.0895833 0.0648148 87
2 0.0736979 0.1 0.0140625 0.0166667 93
2 0.211719 0.216204 0.0328125 0.0361111 43
2 0.123698 0.174074 0.0223958 0.0277778 55
2 0.0239583 0.0731481 0.0135417 0.0148148 3
2 0.0716146 0.191667 0.0203125 0.0277778 92
2 0.176042 0.191667 0.0229167 0.0277778 15
2 0.195573 0.203704 0.0265625 0.0277778 94
