2 0.735156 0.829167 0.107812 0.119444 2
2 0.75625 0.719444 0.109375 0.112963 1
2 0.557552 0.639352 0.0796875 0.0824074 3
2 0.115365 0.260185 0.0307292 0.037037 4
2 0.275781 0.2625 0.0328125 0.0324074 5
2 0.253125 0.243056 0.0333333 0.037963 7
2 0.142187 0.290278 0.0354167 0.0416667 8
2 0.0606771 0.179167 0.0244792 0.0305556 14
2 0.0734375 0.1 0.0145833 0.0166667 11
2 0.196875 0.488889 0.0541667 0.0740741 6
2 0.0986979 0.225463 0.0265625 0.0342593 13
2 0.141146 0.160185 0.0208333 0.0240741 9
2 0.177083 0.191667 0.0239583 0.0277778 12
