2 0.701562 0.792593 0.101042 0.111111 2
2 0.709375 0.65787 0.084375 0.0972222 1
2 0.520833 0.599074 0.075 0.0777778 3
2 0.115104 0.261111 0.0302083 0.037037 4
2 0.27526 0.262963 0.0328125 0.0314815 5
2 0.252344 0.243056 0.0317708 0.037963 7
2 0.142187 0.290278 0.0354167 0.0416667 8
2 0.210938 0.516204 0.05625 0.0768519 6
2 0.0981771 0.225926 0.0265625 0.0333333 13
2 0.153646 0.170833 0.01875 0.025 12
2 0.166146 0.322222 0.04375 0.0611111 10
2 0.140625 0.160185 0.0208333 0.0240741 9
2 0.0731771 0.1 0.0151042 0.0166667 11
2 0.176302 0.191667 0.0244792 0.0277778 15
