2 0.854167 0.81713 0.138542 0.137963 1
2 0.763281 0.860185 0.114062 0.125926 2
2 0.6 0.683333 0.0885417 0.0925926 3
2 0.115104 0.260648 0.0302083 0.0361111 4
2 0.275521 0.2625 0.0322917 0.0324074 5
2 0.183594 0.464815 0.0515625 0.0722222 6
2 0.252865 0.243056 0.0328125 0.037963 7
2 0.141667 0.289815 0.034375 0.0407407 8
2 0.0609375 0.180556 0.025 0.0314815 14
2 0.0736979 0.099537 0.0140625 0.0175926 11
2 0.141146 0.160185 0.0208333 0.0240741 9
2 0.211719 0.215741 0.0328125 0.0351852 15
2 0.176302 0.191667 0.0234375 0.0277778 12
2 0.194531 0.365741 0.0359375 0.0611111 10
2 0.0981771 0.225 0.0255208 0.0333333 13
