2 0.40599 0.672222 0.0859375 0.138889 73
2 0.709896 0.454167 0.078125 0.0527778 42
2 0.815365 0.430093 0.0932292 0.0675926 87
2 0.276042 0.262037 0.0322917 0.0333333 5
2 0.252865 0.242593 0.0328125 0.037037 7
2 0.265365 0.385648 0.0494792 0.0675926 90
2 0.211458 0.215741 0.0333333 0.0351852 43
2 0.177344 0.191204 0.0234375 0.0287037 106
2 0.165885 0.369444 0.0369792 0.0518519 105
2 0.153906 0.170833 0.0192708 0.0231481 15
2 0.00546875 0.0546296 0.0109375 0.0148148 2
2 0.0544271 0.101852 0.0151042 0.0240741 55
2 0.141146 0.161111 0.0197917 0.0240741 91
