2 0.710156 0.45463 0.0776042 0.0537037 42
2 0.275521 0.2625 0.0322917 0.0324074 5
2 0.252344 0.243519 0.0338542 0.0388889 7
2 0.0346354 0.0837963 0.0140625 0.0175926 3
2 0.124219 0.268519 0.0338542 0.05 73
2 0.150521 0.202315 0.025 0.0305556 55
2 0.0494792 0.099537 0.0145833 0.0175926 2
2 0.211458 0.215741 0.0333333 0.0351852 43
2 0.0572917 0.172685 0.0177083 0.0268519 92
2 0.467448 0.766204 0.103646 0.15463 76
2 0.0731771 0.099537 0.0151042 0.0175926 93
2 0.105469 0.228704 0.0328125 0.0425926 90
2 0.141146 0.160185 0.0208333 0.0240741 91
