2 0.710417 0.45463 0.078125 0.0537037 42
2 0.275781 0.2625 0.0328125 0.0324074 5
2 0.0997396 0.150463 0.0203125 0.025 55
2 0.252865 0.243056 0.0338542 0.037963 7
2 0.186979 0.357407 0.0427083 0.0648148 73
2 0.175781 0.288889 0.0401042 0.05 90
2 0.0289062 0.0782407 0.0130208 0.0157407 2
2 0.0739583 0.1 0.0145833 0.0166667 93
2 0.211458 0.215741 0.0333333 0.0351852 43
2 0.31849 0.538889 0.0723958 0.0962963 101
2 0.842448 0.425463 0.0963542 0.0675926 87
2 0.153906 0.171759 0.0192708 0.0231481 15
2 0.195052 0.203704 0.0255208 0.0277778 94
2 0.0132812 0.0634259 0.0119792 0.012037 3
