2 0.734896 0.823611 0.117708 0.130556 55
2 0.764844 0.44537 0.0776042 0.0537037 42
2 0.276302 0.2625 0.0328125 0.0324074 5
2 0.174219 0.228241 0.0255208 0.0305556 2
2 0.120313 0.173148 0.021875 0.0259259 3
2 0.155729 0.311111 0.034375 0.0481481 13
2 0.244271 0.439815 0.046875 0.0685185 4
2 0.253646 0.243519 0.0322917 0.037037 7
2 0.103906 0.120833 0.0328125 0.0175926 57
2 0.404427 0.671296 0.0953125 0.111111 8
2 0.211719 0.215741 0.0328125 0.0351852 43
2 0.176823 0.192593 0.0244792 0.0296296 15
