2 0.377083 0.627778 0.0791667 0.125926 73
2 0.710156 0.45463 0.0776042 0.0537037 42
2 0.276302 0.2625 0.0328125 0.0324074 5
2 0.260677 0.380093 0.0473958 0.0657407 90
2 0.0585938 0.106481 0.0171875 0.0203704 55
2 0.815885 0.430093 0.0932292 0.0675926 87
2 0.253385 0.242593 0.0328125 0.037037 7
2 0.140885 0.159722 0.0192708 0.025 91
2 0.176042 0.191204 0.021875 0.0287037 106
2 0.00755208 0.0560185 0.0109375 0.0138889 2
2 0.157031 0.35 0.0348958 0.0481481 105
2 0.195573 0.203704 0.0244792 0.0277778 94
