2 0.535156 0.610648 0.0713542 0.0805556 2
2 0.383333 0.453704 0.053125 0.0555556 3
2 0.313281 0.706944 0.0776042 0.125 6
2 0.15 0.303241 0.0385417 0.0435185 8
2 0.27526 0.262963 0.0328125 0.0314815 5
2 0.251823 0.242593 0.0328125 0.037037 7
2 0.115625 0.262037 0.03125 0.0388889 4
2 0.0731771 0.1 0.0151042 0.0166667 11
2 0.153646 0.170833 0.0197917 0.025 12
2 0.760417 0.512037 0.059375 0.0759259 1
2 0.140625 0.160648 0.0208333 0.0231481 9
2 0.0979167 0.225463 0.0260417 0.0324074 13
2 0.188802 0.355093 0.0463542 0.0694444 10
2 0.38151 0.61713 0.0703125 0.108333 27
2 0.246615 0.433333 0.0494792 0.0703704 29
2 0.175521 0.191667 0.0239583 0.0296296 15
