2 0.698438 0.569907 0.0541667 0.0861111 1
2 0.452865 0.526852 0.0640625 0.0648148 3
2 0.625521 0.708796 0.0854167 0.0972222 2
2 0.115104 0.260648 0.03125 0.037963 4
2 0.24974 0.580093 0.0588542 0.0935185 6
2 0.275521 0.262963 0.0322917 0.0314815 5
2 0.252344 0.242593 0.0328125 0.037037 7
2 0.145313 0.293056 0.0375 0.0416667 8
2 0.17474 0.333796 0.0453125 0.0601852 10
2 0.0981771 0.225926 0.0265625 0.0333333 13
2 0.154167 0.171296 0.0197917 0.0240741 12
2 0.141146 0.160185 0.0208333 0.0240741 9
2 0.217448 0.393056 0.0453125 0.0694444 29
2 0.173437 0.445833 0.059375 0.0898148 26
2 0.0731771 0.1 0.0151042 0.0166667 11
2 0.176302 0.191204 0.0244792 0.0287037 15
