2 0.710156 0.45463 0.0776042 0.0537037 42
2 0.275781 0.474074 0.0567708 0.0759259 13
2 0.495573 0.802315 0.0984375 0.141667 4
2 0.275781 0.262963 0.0328125 0.0314815 5
2 0.107552 0.160185 0.0192708 0.0222222 2
2 0.339583 0.397685 0.046875 0.0564815 55
2 0.252865 0.243519 0.0328125 0.037037 7
2 0.0838542 0.130556 0.0177083 0.0222222 3
2 0.177083 0.191667 0.0239583 0.0277778 15
2 0.211979 0.215741 0.0322917 0.0351852 43
2 0.154167 0.171296 0.0197917 0.0222222 50
2 0.195312 0.204167 0.025 0.0268519 64
