2 0.369792 0.600926 0.0708333 0.107407 29
2 0.26276 0.326852 0.0369792 0.0407407 3
2 0.369271 0.434259 0.0489583 0.0555556 2
2 0.192188 0.481019 0.0416667 0.0694444 33
2 0.275521 0.262963 0.03125 0.0314815 5
2 0.252083 0.243519 0.0333333 0.037037 7
2 0.13151 0.283796 0.0317708 0.0416667 4
2 0.100521 0.231481 0.028125 0.0407407 13
2 0.333854 0.740741 0.107292 0.175926 26
2 0.211719 0.216204 0.0328125 0.0361111 15
2 0.641927 0.944907 0.116146 0.108333 27
2 0.0734375 0.1 0.0135417 0.0166667 11
2 0.180469 0.352778 0.0432292 0.05 8
2 0.251823 0.442593 0.0588542 0.0777778 10
2 0.141146 0.160185 0.0208333 0.0240741 9
