2 0.709896 0.45463 0.078125 0.0537037 42
2 0.275781 0.2625 0.0328125 0.0324074 5
2 0.958073 0.405556 0.0828125 0.0648148 87
2 0.0330729 0.0824074 0.0140625 0.0166667 3
2 0.252865 0.243519 0.0338542 0.0388889 7
2 0.0484375 0.0976852 0.0145833 0.0175926 2
2 0.127865 0.272685 0.0338542 0.0527778 73
2 0.146354 0.198148 0.025 0.0314815 55
2 0.0588542 0.175 0.0197917 0.0277778 92
2 0.211458 0.215741 0.0333333 0.0351852 43
2 0.176823 0.19213 0.0234375 0.0268519 15
2 0.140885 0.160648 0.0203125 0.0231481 91
2 0.0736979 0.1 0.0151042 0.0166667 93
2 0.496875 0.809259 0.1125 0.166667 76
