2 0.710417 0.45463 0.078125 0.0537037 42
2 0.294531 0.5125 0.0640625 0.0953704 73
2 0.276042 0.2625 0.0322917 0.0324074 5
2 0.816406 0.429167 0.0932292 0.0657407 87
2 0.600521 0.911111 0.154167 0.17037 101
2 0.252865 0.243056 0.0317708 0.037963 7
2 0.128906 0.294907 0.0296875 0.0416667 105
2 0.0679687 0.118056 0.0171875 0.0212963 55
2 0.238281 0.353704 0.0453125 0.0611111 90
2 0.211458 0.215741 0.0333333 0.0351852 43
2 0.0127604 0.0615741 0.0119792 0.0138889 2
2 0.153906 0.171296 0.0192708 0.0222222 15
2 0.176823 0.191667 0.0234375 0.0277778 106
