2 0.339323 0.75787 0.0848958 0.137963 6
2 0.363802 0.43287 0.0505208 0.0527778 3
2 0.405729 0.649537 0.075 0.113889 27
2 0.27526 0.262963 0.0328125 0.0314815 5
2 0.251823 0.242593 0.0328125 0.037037 7
2 0.509635 0.581944 0.0671875 0.0768519 2
2 0.116927 0.263889 0.0328125 0.0388889 4
2 0.153125 0.306481 0.0364583 0.0444444 8
2 0.257552 0.447685 0.0526042 0.075 29
2 0.215885 0.52037 0.0713542 0.107407 26
2 0.0731771 0.1 0.0151042 0.0166667 11
2 0.0979167 0.225463 0.0260417 0.0324074 13
2 0.192708 0.364815 0.0416667 0.0666667 10
2 0.153646 0.170833 0.0197917 0.025 12
2 0.140885 0.160648 0.0203125 0.0231481 9
2 0.175521 0.191667 0.0239583 0.0296296 15
