2 0.709375 0.45463 0.078125 0.0537037 42
2 0.275521 0.2625 0.0322917 0.0324074 5
2 0.252604 0.243056 0.0333333 0.037963 7
2 0.165104 0.280556 0.0395833 0.0481481 90
2 0.175521 0.341667 0.0416667 0.0648148 73
2 0.857031 0.422685 0.0880208 0.0675926 87
2 0.29375 0.504167 0.06875 0.0916667 101
2 0.03125 0.0805556 0.0125 0.0148148 2
2 0.0736979 0.1 0.0140625 0.0166667 93
2 0.104427 0.156481 0.0213542 0.0259259 55
2 0.211719 0.215741 0.0328125 0.0351852 43
2 0.140885 0.160185 0.0203125 0.0240741 91
2 0.153906 0.170833 0.0192708 0.025 15
2 0.0151042 0.0648148 0.0125 0.0148148 3
