2 0.736719 0.831944 0.106771 0.119444 2
2 0.759115 0.723148 0.109896 0.114815 1
2 0.559635 0.641667 0.0807292 0.0851852 3
2 0.115365 0.260185 0.0307292 0.037037 4
2 0.27526 0.2625 0.0328125 0.0324074 5
2 0.253125 0.243056 0.0333333 0.037963 7
2 0.142187 0.289815 0.0354167 0.0407407 8
2 0.0601563 0.179167 0.0244792 0.0305556 14
2 0.0981771 0.225463 0.0265625 0.0342593 13
2 0.0734375 0.1 0.0145833 0.0166667 11
2 0.153906 0.170833 0.0192708 0.025 12
2 0.140885 0.160185 0.0203125 0.0240741 9
2 0.194271 0.487963 0.0489583 0.0740741 6
