2 0.709635 0.45463 0.0786458 0.0537037 42
2 0.916146 0.411574 0.0895833 0.0657407 87
2 0.275521 0.2625 0.0322917 0.0324074 5
2 0.252604 0.243519 0.0322917 0.037037 7
2 0.128125 0.248148 0.0354167 0.0444444 90
2 0.141667 0.293981 0.0364583 0.0527778 73
2 0.0265625 0.0763889 0.0135417 0.0157407 3
2 0.0416667 0.0912037 0.0145833 0.0175926 2
2 0.130208 0.181944 0.021875 0.0287037 55
2 0.211719 0.216204 0.0317708 0.0361111 43
2 0.0736979 0.1 0.0140625 0.0166667 93
2 0.195312 0.203704 0.0260417 0.0277778 94
