2 0.496875 0.573611 0.0708333 0.0731481 3
2 0.677344 0.764815 0.0953125 0.105556 2
2 0.221094 0.53287 0.0578125 0.0824074 6
2 0.695052 0.621296 0.0661458 0.0962963 1
2 0.114844 0.261111 0.0307292 0.037037 4
2 0.275 0.262963 0.0322917 0.0314815 5
2 0.252604 0.243056 0.0333333 0.037963 7
2 0.0976562 0.225463 0.0265625 0.0324074 13
2 0.141927 0.290741 0.0369792 0.0425926 8
2 0.140625 0.160185 0.0208333 0.0240741 9
2 0.0729167 0.1 0.015625 0.0166667 11
2 0.153646 0.17037 0.01875 0.0240741 12
2 0.176302 0.191667 0.0244792 0.0277778 15
2 0.167708 0.325463 0.0447917 0.0601852 10
