2 0.563542 0.642593 0.075 0.087037 2
2 0.403906 0.475926 0.0536458 0.0574074 3
2 0.115365 0.261574 0.0307292 0.037963 4
2 0.288802 0.659259 0.0723958 0.112963 6
2 0.27526 0.262963 0.0328125 0.0314815 5
2 0.252083 0.242593 0.0333333 0.037037 7
2 0.738542 0.526852 0.0666667 0.0777778 1
2 0.147656 0.299074 0.0380208 0.0444444 8
2 0.0731771 0.1 0.0151042 0.0166667 11
2 0.0979167 0.225463 0.0260417 0.0324074 13
2 0.358073 0.585648 0.0661458 0.100926 27
2 0.153646 0.170833 0.0197917 0.025 12
2 0.140885 0.160648 0.0203125 0.0231481 9
