2 0.711198 0.45463 0.0776042 0.0537037 42
2 0.275781 0.262963 0.0328125 0.0314815 5
2 0.379688 0.440278 0.0520833 0.062037 55
2 0.0895833 0.135648 0.0177083 0.0212963 3
2 0.252865 0.243519 0.0328125 0.037037 7
2 0.242969 0.431019 0.0463542 0.0657407 13
2 0.117188 0.17037 0.0197917 0.0222222 2
2 0.422135 0.694907 0.0817708 0.115741 4
2 0.176823 0.191667 0.0244792 0.0277778 15
2 0.0671875 0.1875 0.0270833 0.0342593 60
2 0.211979 0.215741 0.0322917 0.0351852 43
2 0.195052 0.204167 0.0244792 0.0268519 64
2 0.154167 0.171296 0.0197917 0.0222222 50
2 0.0385417 0.124537 0.0166667 0.0231481 57
