2 0.710417 0.45463 0.078125 0.0537037 42
2 0.276042 0.262963 0.0322917 0.0314815 5
2 0.253125 0.243056 0.0333333 0.037963 7
2 0.250521 0.447222 0.053125 0.0851852 73
2 0.469271 0.755556 0.110417 0.153704 101
2 0.0184896 0.0675926 0.0109375 0.0148148 2
2 0.0776042 0.127778 0.0177083 0.0222222 55
2 0.21875 0.331019 0.0427083 0.0546296 90
2 0.819792 0.429167 0.0927083 0.0694444 87
2 0.111719 0.262037 0.0276042 0.0388889 105
2 0.211458 0.215741 0.0333333 0.0351852 43
2 0.00390625 0.0532407 0.0078125 0.012037 3
2 0.153906 0.171296 0.0192708 0.0222222 15
2 0.177083 0.191667 0.0239583 0.0277778 106
2 0.194271 0.203704 0.0229167 0.0277778 94
