2 0.436198 0.508333 0.0619792 0.062963 3
2 0.115104 0.260648 0.03125 0.037963 4
2 0.709635 0.552778 0.0609375 0.0814815 1
2 0.27526 0.262963 0.0328125 0.0314815 5
2 0.603646 0.684259 0.0822917 0.0944444 2
2 0.252344 0.242593 0.0317708 0.037037 7
2 0.260677 0.601852 0.0651042 0.0944444 6
2 0.177604 0.3375 0.0458333 0.062037 10
2 0.146094 0.294907 0.0380208 0.0416667 8
2 0.180729 0.457407 0.0614583 0.0925926 26
2 0.0731771 0.1 0.0151042 0.0166667 11
2 0.153906 0.171296 0.0192708 0.0240741 12
2 0.0984375 0.225926 0.0260417 0.0333333 13
2 0.141146 0.160185 0.0208333 0.0240741 9
2 0.223698 0.4 0.0463542 0.0685185 29
2 0.328125 0.543519 0.0604167 0.0907407 27
2 0.211458 0.215741 0.0333333 0.0351852 15
