2 0.855729 0.428704 0.0729167 0.0518519 42
2 0.286198 0.506019 0.0682292 0.0731481 8
2 0.126562 0.268519 0.03125 0.0425926 13
2 0.276042 0.262963 0.0322917 0.0333333 5
2 0.461719 0.736111 0.108854 0.15 10
2 0.157292 0.212037 0.025 0.0296296 3
2 0.211979 0.215741 0.0322917 0.0351852 43
2 0.186719 0.361574 0.0401042 0.0509259 4
2 0.226042 0.28287 0.0302083 0.037963 2
2 0.253125 0.243519 0.0322917 0.037037 7
2 0.434896 0.908796 0.103125 0.165741 33
2 0.176823 0.191667 0.0244792 0.0277778 15
2 0.0736979 0.1 0.0151042 0.0166667 46
