2 0.32526 0.541667 0.0609375 0.087037 13
2 0.710417 0.45463 0.078125 0.0537037 42
2 0.297135 0.354167 0.0411458 0.0509259 55
2 0.276042 0.262037 0.0322917 0.0333333 5
2 0.0973958 0.148148 0.01875 0.0240741 2
2 0.253125 0.243519 0.0333333 0.0388889 7
2 0.211719 0.215741 0.0328125 0.037037 43
2 0.0760417 0.122222 0.0177083 0.0203704 3
2 0.621094 0.946296 0.120313 0.103704 4
2 0.177344 0.19213 0.0234375 0.0268519 15
2 0.0559896 0.174537 0.0192708 0.0287037 67
2 0.195573 0.203704 0.0255208 0.0277778 64
