2 0.709635 0.45463 0.0776042 0.0537037 42
2 0.0361979 0.0856481 0.0140625 0.0175926 3
2 0.275521 0.2625 0.0322917 0.0324074 5
2 0.252344 0.243519 0.0338542 0.0388889 7
2 0.155208 0.206944 0.025 0.0324074 55
2 0.0515625 0.101852 0.0145833 0.0185185 2
2 0.0554687 0.171296 0.0161458 0.0240741 92
2 0.121354 0.264352 0.0333333 0.0490741 73
2 0.970313 0.400926 0.0583333 0.0611111 87
2 0.211458 0.215741 0.0333333 0.0351852 43
2 0.141146 0.160185 0.0208333 0.0240741 91
2 0.100781 0.224074 0.0317708 0.0388889 90
2 0.434896 0.72037 0.0958333 0.140741 76
