2 0.710417 0.45463 0.078125 0.0537037 42
2 0.267188 0.473611 0.0572917 0.087963 73
2 0.227083 0.340741 0.0427083 0.0592593 90
2 0.276042 0.2625 0.0322917 0.0324074 5
2 0.253125 0.243056 0.0333333 0.037963 7
2 0.817969 0.42963 0.0932292 0.0685185 87
2 0.0739583 0.123611 0.0177083 0.0231481 55
2 0.211719 0.215741 0.0328125 0.0351852 43
2 0.0164063 0.0648148 0.0119792 0.0148148 2
2 0.117969 0.275 0.0286458 0.0388889 105
2 0.153906 0.171296 0.0192708 0.0222222 15
2 0.515365 0.82037 0.124479 0.177778 101
2 0.177083 0.191667 0.0239583 0.0277778 106
2 0.194792 0.204167 0.0239583 0.0268519 94
2 0.003125 0.0513889 0.00625 0.0138889 3
