2 0.645833 0.730556 0.0895833 0.101852 2
2 0.469792 0.543981 0.0666667 0.0675926 3
2 0.114844 0.261111 0.0307292 0.037037 4
2 0.275 0.262963 0.0322917 0.0314815 5
2 0.252344 0.243056 0.0328125 0.037963 7
2 0.236458 0.559722 0.0604167 0.0861111 6
2 0.142969 0.291204 0.0369792 0.0416667 8
2 0.171094 0.32963 0.0453125 0.0611111 10
2 0.692187 0.588889 0.053125 0.087037 1
2 0.0979167 0.225926 0.0260417 0.0333333 13
2 0.140625 0.160648 0.0208333 0.0231481 9
2 0.300521 0.506481 0.05625 0.0814815 27
2 0.0726563 0.1 0.0151042 0.0166667 11
2 0.153385 0.170833 0.0192708 0.025 12
2 0.176563 0.191667 0.025 0.0277778 15
2 0.16875 0.436111 0.0583333 0.0851852 26
