2 0.710417 0.45463 0.078125 0.0537037 42
2 0.300781 0.519907 0.0640625 0.0972222 73
2 0.276042 0.2625 0.0322917 0.0324074 5
2 0.816406 0.42963 0.0932292 0.0666667 87
2 0.130208 0.298611 0.0302083 0.0435185 105
2 0.252865 0.243056 0.0317708 0.037963 7
2 0.613802 0.92037 0.155729 0.155556 101
2 0.0669271 0.117593 0.0171875 0.0203704 55
2 0.239844 0.356019 0.0453125 0.0601852 90
2 0.211458 0.215741 0.0333333 0.0351852 43
2 0.153906 0.171296 0.0192708 0.0222222 15
2 0.176823 0.191667 0.0234375 0.0277778 106
2 0.0125 0.0611111 0.0114583 0.0148148 2
