2 0.710417 0.45463 0.078125 0.0537037 42
2 0.275781 0.2625 0.0328125 0.0324074 5
2 0.252865 0.243056 0.0328125 0.037963 7
2 0.163281 0.278241 0.0390625 0.0472222 90
2 0.173958 0.338889 0.040625 0.062963 73
2 0.10651 0.157407 0.0213542 0.0259259 55
2 0.0322917 0.0814815 0.0125 0.0166667 2
2 0.211458 0.215741 0.0333333 0.0351852 43
2 0.0739583 0.1 0.0145833 0.0166667 93
2 0.853125 0.422685 0.102083 0.0657407 87
2 0.153906 0.171296 0.0192708 0.0240741 15
2 0.0161458 0.0662037 0.0125 0.0157407 3
2 0.289844 0.499537 0.0671875 0.087963 101
