2 0.484635 0.781944 0.103646 0.182407 73
2 0.710156 0.454167 0.0776042 0.0527778 42
2 0.815625 0.430093 0.0927083 0.0675926 87
2 0.276042 0.2625 0.0322917 0.0324074 5
2 0.252865 0.242593 0.0317708 0.037037 7
2 0.0484375 0.0981481 0.015625 0.0185185 55
2 0.177083 0.191667 0.0239583 0.0277778 106
2 0.211458 0.215741 0.0333333 0.0351852 43
2 0.153906 0.170833 0.0192708 0.0231481 15
2 0.190625 0.41713 0.040625 0.0583333 105
2 0.275521 0.396296 0.05 0.0685185 90
2 0.13099 0.149537 0.0213542 0.025 91
2 0.0729167 0.0981481 0.0145833 0.0166667 94
