2 0.709635 0.454167 0.0776042 0.0546296 42
2 0.925781 0.410185 0.0890625 0.0648148 87
2 0.275521 0.2625 0.0322917 0.0324074 5
2 0.252344 0.243056 0.0338542 0.037963 7
2 0.611979 0.936111 0.135417 0.124074 76
2 0.0645833 0.183796 0.0208333 0.0268519 92
2 0.0429688 0.0925926 0.0151042 0.0166667 2
2 0.133854 0.185185 0.0229167 0.0296296 55
2 0.138021 0.288889 0.0364583 0.0537037 73
2 0.176042 0.19213 0.0229167 0.0268519 15
2 0.211198 0.215741 0.0328125 0.0351852 43
2 0.122917 0.243519 0.0333333 0.0425926 90
2 0.0731771 0.1 0.0151042 0.0166667 93
