2 0.710156 0.45463 0.0786458 0.0537037 42
2 0.275521 0.262963 0.0322917 0.0314815 5
2 0.252604 0.243056 0.0333333 0.037963 7
2 0.103385 0.25 0.0276042 0.0351852 105
2 0.0822917 0.133333 0.0177083 0.0240741 55
2 0.422135 0.6875 0.100521 0.132407 101
2 0.208073 0.32037 0.0411458 0.0555556 90
2 0.211458 0.215278 0.0333333 0.0361111 43
2 0.822917 0.426852 0.0927083 0.0648148 87
2 0.0205729 0.0699074 0.0130208 0.0157407 2
2 0.153906 0.171296 0.0192708 0.0240741 15
2 0.140885 0.160185 0.0213542 0.0240741 91
