2 0.890885 0.423611 0.0723958 0.0509259 42
2 0.24401 0.301852 0.0328125 0.0407407 2
2 0.120052 0.259259 0.0296875 0.0425926 13
2 0.276042 0.2625 0.0322917 0.0324074 5
2 0.170833 0.226852 0.0270833 0.0296296 3
2 0.371094 0.794907 0.0838542 0.137963 33
2 0.261979 0.472685 0.0635417 0.0675926 8
2 0.252865 0.243056 0.0317708 0.0361111 7
2 0.174479 0.343981 0.0385417 0.0490741 4
2 0.211979 0.215741 0.034375 0.0351852 43
2 0.408854 0.663889 0.0947917 0.131481 10
2 0.0734375 0.1 0.0145833 0.0166667 46
2 0.141146 0.160648 0.0208333 0.0231481 9
