2 0.521354 0.59537 0.06875 0.0796296 2
2 0.326823 0.733333 0.0817708 0.131481 6
2 0.27526 0.262963 0.0328125 0.0314815 5
2 0.116406 0.262963 0.0317708 0.0388889 4
2 0.251823 0.242593 0.0328125 0.037037 7
2 0.372656 0.443056 0.0515625 0.0546296 3
2 0.151562 0.30463 0.0375 0.0425926 8
2 0.394271 0.634722 0.0729167 0.110185 27
2 0.0731771 0.1 0.0151042 0.0166667 11
2 0.153906 0.170833 0.0192708 0.025 12
2 0.193229 0.360648 0.0479167 0.0657407 10
2 0.0979167 0.225463 0.0260417 0.0324074 13
2 0.140885 0.160648 0.0203125 0.0231481 9
2 0.175521 0.191667 0.0239583 0.0296296 15
