2 0.269792 0.621296 0.0666667 0.101852 6
2 0.71875 0.543519 0.065625 0.0833333 1
2 0.589323 0.668519 0.0796875 0.0888889 2
2 0.115365 0.260648 0.0307292 0.037963 4
2 0.27526 0.262963 0.0328125 0.0314815 5
2 0.252344 0.242593 0.0328125 0.037037 7
2 0.146354 0.296296 0.0375 0.0425926 8
2 0.0979167 0.225926 0.0260417 0.0333333 13
2 0.0731771 0.1 0.0151042 0.0166667 11
2 0.338021 0.55787 0.0625 0.0953704 27
2 0.153906 0.171296 0.0192708 0.0240741 12
2 0.42526 0.497222 0.0598958 0.0611111 3
2 0.140885 0.160648 0.0203125 0.0231481 9
2 0.175781 0.191204 0.0234375 0.0287037 15
2 0.179688 0.339815 0.0458333 0.062963 10
