2 0.710156 0.45463 0.0786458 0.0537037 42
2 0.0846354 0.135185 0.0182292 0.0240741 55
2 0.275781 0.2625 0.0328125 0.0324074 5
2 0.252865 0.243056 0.0328125 0.037963 7
2 0.402604 0.660648 0.0927083 0.126852 101
2 0.021875 0.0708333 0.0125 0.0157407 2
2 0.211719 0.215278 0.0328125 0.0361111 43
2 0.223437 0.40787 0.05 0.0805556 73
2 0.102083 0.244907 0.025 0.0342593 105
2 0.203385 0.315741 0.0421875 0.0537037 90
2 0.177344 0.19213 0.0223958 0.0268519 91
2 0.0739583 0.1 0.0145833 0.0166667 93
2 0.825 0.426389 0.0927083 0.0638889 87
2 0.153906 0.171759 0.0192708 0.0231481 15
