2 0.883854 0.844907 0.146875 0.14537 1
2 0.767188 0.864352 0.114583 0.126852 2
2 0.608073 0.693056 0.0901042 0.0935185 3
2 0.115104 0.260648 0.0302083 0.0361111 4
2 0.181771 0.460185 0.0520833 0.0685185 6
2 0.275781 0.2625 0.0328125 0.0324074 5
2 0.253125 0.243056 0.0333333 0.037963 7
2 0.0617187 0.180093 0.0255208 0.0305556 14
2 0.141927 0.290278 0.0348958 0.0416667 8
2 0.0739583 0.1 0.0145833 0.0166667 11
2 0.194792 0.365741 0.0364583 0.0611111 10
2 0.211719 0.215278 0.0328125 0.0342593 15
2 0.176302 0.191667 0.0234375 0.0277778 12
2 0.141146 0.160185 0.0208333 0.0240741 9
