2 0.710156 0.45463 0.0786458 0.0537037 42
2 0.276042 0.2625 0.0322917 0.0324074 5
2 0.147656 0.264815 0.0380208 0.0444444 90
2 0.252865 0.243519 0.0328125 0.037037 7
2 0.0364583 0.0856481 0.0135417 0.0157407 2
2 0.116146 0.16713 0.021875 0.0268519 55
2 0.880208 0.419444 0.090625 0.0666667 87
2 0.0742188 0.1 0.0140625 0.0166667 93
2 0.211719 0.215741 0.0328125 0.0351852 43
2 0.140625 0.160185 0.0208333 0.0240741 91
2 0.158594 0.317593 0.0390625 0.0574074 73
2 0.258594 0.451389 0.0609375 0.0898148 101
2 0.0205729 0.0712963 0.0130208 0.012963 3
