2 0.710417 0.454167 0.078125 0.0546296 42
2 0.330729 0.566667 0.0708333 0.101852 76
2 0.275781 0.2625 0.0328125 0.0324074 5
2 0.252865 0.243519 0.0328125 0.0388889 7
2 0.0614583 0.112037 0.015625 0.0185185 2
2 0.181771 0.233796 0.028125 0.0361111 55
2 0.0455729 0.0949074 0.0151042 0.0175926 3
2 0.211719 0.215741 0.0328125 0.0351852 43
2 0.176823 0.191667 0.0234375 0.0277778 15
2 0.10625 0.244444 0.0322917 0.0444444 73
2 0.153906 0.170833 0.0192708 0.0231481 50
2 0.158333 0.312963 0.0416667 0.0555556 81
