2 0.709896 0.45463 0.078125 0.0537037 42
2 0.275521 0.2625 0.0322917 0.0324074 5
2 0.252344 0.243519 0.0338542 0.0388889 7
2 0.0479167 0.0976852 0.0145833 0.0175926 2
2 0.0328125 0.0814815 0.0135417 0.0166667 3
2 0.145313 0.197685 0.025 0.0324074 55
2 0.127865 0.273148 0.0348958 0.0537037 73
2 0.95651 0.40463 0.0859375 0.0648148 87
2 0.211458 0.215741 0.0333333 0.0351852 43
2 0.0591146 0.175 0.0203125 0.0277778 92
2 0.176042 0.19213 0.0229167 0.0268519 15
2 0.0734375 0.1 0.0145833 0.0166667 93
2 0.140625 0.160648 0.0208333 0.0231481 91
2 0.503125 0.819444 0.114583 0.168519 76
2 0.109375 0.232407 0.034375 0.0407407 90
