2 0.709896 0.45463 0.078125 0.0537037 42
2 0.275521 0.2625 0.0322917 0.0324074 5
2 0.252344 0.243056 0.0328125 0.037963 7
2 0.159896 0.275463 0.0385417 0.0472222 90
2 0.0325521 0.0814815 0.0130208 0.0166667 2
2 0.107812 0.159259 0.0208333 0.0259259 55
2 0.170573 0.333796 0.0401042 0.062037 73
2 0.0736979 0.1 0.0140625 0.0166667 93
2 0.860677 0.421296 0.0932292 0.0685185 87
2 0.211458 0.215741 0.0322917 0.0351852 43
2 0.0169271 0.0675926 0.0119792 0.0148148 3
2 0.153646 0.171296 0.01875 0.0240741 15
2 0.284115 0.490741 0.0640625 0.087037 101
2 0.140885 0.160185 0.0203125 0.0240741 91
