2 0.357031 0.420833 0.0463542 0.0546296 2
2 0.253906 0.31713 0.0359375 0.0398148 3
2 0.275781 0.2625 0.0317708 0.0324074 5
2 0.38776 0.625926 0.0734375 0.112963 29
2 0.252604 0.243519 0.0322917 0.037037 7
2 0.101562 0.23287 0.0270833 0.037963 13
2 0.207292 0.498148 0.0520833 0.0759259 33
2 0.141146 0.160185 0.0208333 0.0240741 9
2 0.134375 0.2875 0.0322917 0.0416667 4
2 0.211719 0.215741 0.0338542 0.0351852 15
2 0.0736979 0.1 0.0140625 0.0166667 11
2 0.184635 0.359259 0.0463542 0.0518519 8
2 0.259896 0.450926 0.0625 0.0888889 10
