2 0.253125 0.315741 0.0354167 0.0388889 3
2 0.355469 0.418519 0.0453125 0.0537037 2
2 0.276302 0.262037 0.0317708 0.0333333 5
2 0.102344 0.232407 0.0265625 0.0388889 13
2 0.209115 0.500926 0.0515625 0.0740741 33
2 0.253125 0.243056 0.0322917 0.0361111 7
2 0.391146 0.630093 0.0739583 0.113889 29
2 0.177344 0.19213 0.0244792 0.0287037 15
2 0.134896 0.288426 0.0322917 0.0416667 4
2 0.140885 0.160185 0.0203125 0.0240741 9
2 0.185938 0.360648 0.0458333 0.0527778 8
2 0.261458 0.454167 0.0625 0.087963 10
