2 0.864323 0.485185 0.0828125 0.0685185 1
2 0.333073 0.401852 0.0463542 0.05 3
2 0.46849 0.537963 0.0609375 0.0722222 2
2 0.15651 0.409722 0.0348958 0.0527778 33
2 0.275781 0.262963 0.0317708 0.0314815 5
2 0.28151 0.480556 0.0567708 0.0796296 29
2 0.39349 0.8625 0.0994792 0.167593 6
2 0.120833 0.268519 0.03125 0.0388889 4
2 0.211719 0.216204 0.0328125 0.0361111 15
2 0.252083 0.243519 0.0322917 0.037037 7
2 0.207292 0.381019 0.0510417 0.0694444 10
2 0.158594 0.315278 0.0380208 0.0453704 8
2 0.239844 0.562963 0.0786458 0.114815 26
2 0.140885 0.160648 0.0203125 0.0231481 9
2 0.153646 0.170833 0.01875 0.025 12
