2 0.647656 0.73287 0.0901042 0.100926 2
2 0.471094 0.54537 0.0671875 0.0703704 3
2 0.114844 0.261111 0.0307292 0.037037 4
2 0.275 0.262963 0.0322917 0.0314815 5
2 0.235156 0.557407 0.0598958 0.0851852 6
2 0.252344 0.243056 0.0328125 0.037963 7
2 0.692187 0.590278 0.053125 0.0861111 1
2 0.142969 0.291667 0.0369792 0.0425926 8
2 0.170573 0.32963 0.0453125 0.0611111 10
2 0.299219 0.505093 0.0557292 0.0824074 27
2 0.0979167 0.225926 0.0260417 0.0333333 13
2 0.140625 0.160648 0.0208333 0.0231481 9
2 0.0726563 0.1 0.0151042 0.0166667 11
2 0.176563 0.191667 0.025 0.0277778 15
2 0.153385 0.170833 0.0192708 0.025 12
2 0.167708 0.436111 0.0583333 0.0851852 26
