2 0.541667 0.868519 0.109375 0.157407 4
2 0.290885 0.499074 0.0609375 0.0796296 13
2 0.710156 0.45463 0.0776042 0.0537037 42
2 0.321354 0.37963 0.0447917 0.0537037 55
2 0.275781 0.262963 0.0328125 0.0314815 5
2 0.252865 0.243519 0.0328125 0.037037 7
2 0.103646 0.154167 0.01875 0.0231481 2
2 0.0809896 0.126389 0.0171875 0.0212963 3
2 0.177083 0.19213 0.0239583 0.0268519 15
2 0.211979 0.215741 0.0322917 0.0351852 43
2 0.195312 0.204167 0.025 0.0268519 64
2 0.154427 0.171296 0.0203125 0.0222222 50
