2 0.33776 0.406019 0.0473958 0.0490741 3
2 0.853385 0.487037 0.0838542 0.0703704 1
2 0.475 0.544444 0.0625 0.0722222 2
2 0.276042 0.262963 0.03125 0.0314815 5
2 0.119792 0.267593 0.03125 0.0388889 4
2 0.276823 0.474537 0.0557292 0.0787037 29
2 0.157292 0.313889 0.0375 0.0462963 8
2 0.252083 0.243519 0.0322917 0.037037 7
2 0.211458 0.216204 0.0333333 0.0361111 15
2 0.234375 0.55463 0.078125 0.112963 26
2 0.442448 0.699537 0.0817708 0.126852 27
2 0.205208 0.378704 0.05 0.0703704 10
2 0.151042 0.403704 0.0395833 0.0555556 33
2 0.383073 0.843519 0.0963542 0.161111 6
2 0.140885 0.160185 0.0203125 0.0240741 12
