2 0.938281 0.414815 0.0723958 0.05 42
2 0.315365 0.690278 0.0713542 0.113889 33
2 0.188542 0.245833 0.0270833 0.0305556 3
2 0.359115 0.591204 0.0828125 0.110185 10
2 0.267708 0.325926 0.034375 0.0425926 2
2 0.276042 0.262963 0.0322917 0.0314815 5
2 0.252865 0.243519 0.0338542 0.037037 7
2 0.161719 0.325926 0.0359375 0.0444444 4
2 0.616146 0.924537 0.127083 0.14537 29
2 0.211979 0.215741 0.0333333 0.0351852 43
2 0.242448 0.4375 0.0453125 0.062037 8
2 0.141146 0.160648 0.0208333 0.0231481 9
2 0.176823 0.19213 0.0234375 0.0268519 15
2 0.11276 0.250463 0.0307292 0.0398148 13
