2 0.710156 0.45463 0.0786458 0.0537037 42
2 0.276042 0.2625 0.0322917 0.0324074 5
2 0.160417 0.319444 0.0395833 0.0592593 73
2 0.15026 0.266204 0.0380208 0.0453704 90
2 0.252865 0.243519 0.0328125 0.037037 7
2 0.877604 0.419444 0.090625 0.0666667 87
2 0.0359375 0.0851852 0.0135417 0.0166667 2
2 0.115104 0.165741 0.0208333 0.0259259 55
2 0.0742188 0.1 0.0140625 0.0166667 93
2 0.211719 0.215741 0.0328125 0.0351852 43
2 0.140885 0.160185 0.0203125 0.0240741 91
2 0.0200521 0.0694444 0.0130208 0.0148148 3
2 0.261458 0.457407 0.0635417 0.0888889 101
