2 0.957875 0.465736 0.0834093 0.0636778 24
2 0.297248 0.361538 0.0390437 0.0448154 6
2 0.3202 0.534326 0.0612738 0.089279 22
2 0.173315 0.441344 0.0478225 0.0638211 21
2 0.0992799 0.233176 0.0313257 0.0406425 26
2 0.169582 0.332478 0.0371577 0.0492308 19
2 0.277873 0.260164 0.0287192 0.0368737 5
2 0.416712 0.480166 0.0517308 0.0667204 1
2 0.126691 0.268759 0.0311791 0.0477942 15
2 0.015594 0.432822 0.030504 0.0422792 8
2 0.477707 0.976548 0.0825565 0.0474301 2
2 0.284564 0.643379 0.0815314 0.137969 20
