2 0.40599 0.885185 0.102604 0.174074 2
2 0.461458 0.531481 0.0583333 0.0703704 1
2 0.160417 0.316667 0.0364583 0.0481481 17
2 0.874219 0.482407 0.0838542 0.062963 30
2 0.2875 0.488426 0.0510417 0.0768519 4
2 0.328385 0.394907 0.0463542 0.0546296 11
2 0.248438 0.573611 0.0729167 0.123148 27
2 0.157812 0.412037 0.0354167 0.0555556 9
2 0.459635 0.725 0.0838542 0.125926 31
2 0.0153646 0.43287 0.0307292 0.0416667 12
2 0.277604 0.258796 0.028125 0.037963 5
2 0.122917 0.265278 0.028125 0.0453704 24
9 0.434375 0.464352 0.0135417 0.0638889 20
