2 0.709896 0.45463 0.078125 0.0537037 42
2 0.275781 0.2625 0.0317708 0.0324074 5
2 0.917969 0.411111 0.0890625 0.0666667 86
2 0.252865 0.243519 0.0328125 0.037037 7
2 0.140625 0.293056 0.0364583 0.0527778 73
2 0.127344 0.247222 0.0348958 0.0425926 79
2 0.0424479 0.0912037 0.0140625 0.0175926 2
2 0.0265625 0.0763889 0.0135417 0.0157407 3
2 0.211979 0.216204 0.0322917 0.0361111 43
2 0.13099 0.182407 0.0223958 0.0277778 55
2 0.0739583 0.1 0.0145833 0.0166667 91
2 0.195573 0.203704 0.0255208 0.0277778 92
