2 0.268229 0.618056 0.0666667 0.100926 6
2 0.717187 0.544444 0.065625 0.0833333 1
2 0.591406 0.671759 0.0807292 0.0898148 2
2 0.115365 0.260648 0.0307292 0.037963 4
2 0.27526 0.262963 0.0328125 0.0314815 5
2 0.252083 0.242593 0.0322917 0.037037 7
2 0.427344 0.5 0.0598958 0.0611111 3
2 0.146094 0.296296 0.0380208 0.0425926 8
2 0.0731771 0.1 0.0151042 0.0166667 11
2 0.153906 0.171296 0.0192708 0.0240741 12
2 0.336198 0.556019 0.0619792 0.0953704 27
2 0.0979167 0.225926 0.0260417 0.0333333 13
2 0.179427 0.340278 0.0453125 0.062037 10
2 0.140885 0.160648 0.0203125 0.0231481 9
2 0.175781 0.191204 0.0234375 0.0287037 15
