2 0.823177 0.434259 0.0734375 0.0481481 42
2 0.315104 0.545833 0.075 0.0805556 8
2 0.276042 0.262963 0.0322917 0.0314815 5
2 0.197396 0.381481 0.0354167 0.0537037 4
2 0.540365 0.838426 0.106771 0.173148 10
2 0.133333 0.27963 0.0322917 0.0444444 13
2 0.144792 0.199074 0.0239583 0.0277778 3
2 0.253125 0.243519 0.0322917 0.037037 7
2 0.211979 0.215741 0.0322917 0.0351852 43
2 0.0994792 0.233796 0.028125 0.0398148 52
2 0.209375 0.264815 0.028125 0.0351852 2
2 0.141146 0.160185 0.0208333 0.0240741 9
2 0.0734375 0.1 0.0145833 0.0166667 46
2 0.176823 0.191667 0.0244792 0.0277778 15
