2 0.698698 0.637037 0.0723958 0.0944444 1
2 0.68776 0.777778 0.0973958 0.109259 2
2 0.50651 0.584259 0.0723958 0.0740741 3
2 0.114844 0.261111 0.0307292 0.037037 4
2 0.275 0.262963 0.0322917 0.0314815 5
2 0.252604 0.243056 0.0333333 0.037963 7
2 0.216667 0.523148 0.0572917 0.0833333 6
2 0.141667 0.290278 0.0364583 0.0416667 8
2 0.0976562 0.225463 0.0265625 0.0324074 13
2 0.167187 0.324074 0.0447917 0.0611111 10
2 0.140625 0.160185 0.0208333 0.0240741 9
2 0.0729167 0.1 0.015625 0.0166667 11
2 0.153646 0.17037 0.01875 0.0240741 12
2 0.176302 0.191667 0.0244792 0.0277778 15
