2 0.710156 0.45463 0.0776042 0.0537037 42
2 0.869792 0.419907 0.090625 0.0657407 86
2 0.275781 0.2625 0.0328125 0.0324074 5
2 0.154688 0.269444 0.0385417 0.0481481 79
2 0.252604 0.243056 0.0333333 0.037963 7
2 0.034375 0.0833333 0.0125 0.0166667 2
2 0.165104 0.326389 0.040625 0.0601852 73
2 0.01875 0.0689815 0.0125 0.0138889 3
2 0.0736979 0.099537 0.0151042 0.0175926 91
2 0.273438 0.473611 0.0625 0.0842593 99
2 0.211458 0.215741 0.0322917 0.0351852 43
2 0.111979 0.1625 0.021875 0.0287037 55
2 0.153906 0.170833 0.0192708 0.0231481 15
2 0.140885 0.160185 0.0213542 0.0240741 89
