2 0.709635 0.45463 0.0786458 0.0537037 42
2 0.907292 0.413426 0.0895833 0.0657407 86
2 0.276042 0.2625 0.0322917 0.0324074 5
2 0.252865 0.243519 0.0328125 0.037037 7
2 0.025 0.075 0.0135417 0.0166667 3
2 0.145313 0.298611 0.0375 0.0546296 73
2 0.0408854 0.0898148 0.0140625 0.0166667 2
2 0.132292 0.251389 0.0364583 0.0435185 79
2 0.211719 0.215741 0.0328125 0.0351852 43
2 0.0739583 0.1 0.0145833 0.0166667 91
2 0.126823 0.177315 0.0223958 0.0305556 55
2 0.176563 0.19213 0.0229167 0.0268519 15
2 0.195312 0.203704 0.0260417 0.0277778 92
