2 0.710156 0.454167 0.0786458 0.0527778 42
2 0.390625 0.649074 0.0833333 0.131481 73
2 0.815885 0.430093 0.0932292 0.0675926 86
2 0.276042 0.2625 0.0322917 0.0324074 5
2 0.252604 0.243056 0.03125 0.0361111 7
2 0.211458 0.215741 0.0333333 0.0351852 43
2 0.177083 0.191667 0.0229167 0.0277778 104
2 0.00598958 0.0546296 0.0109375 0.0148148 2
2 0.153906 0.170833 0.0192708 0.0231481 15
2 0.263542 0.38287 0.0479167 0.0657407 79
2 0.140625 0.159722 0.0197917 0.025 89
2 0.05625 0.105093 0.015625 0.0194444 55
2 0.161198 0.359259 0.0359375 0.05 103
