2 0.710156 0.45463 0.0776042 0.0537037 42
2 0.380208 0.633333 0.0802083 0.127778 73
2 0.276042 0.2625 0.0322917 0.0324074 5
2 0.261458 0.381019 0.0479167 0.0657407 79
2 0.815885 0.430093 0.0932292 0.0675926 86
2 0.0580729 0.106481 0.0171875 0.0203704 55
2 0.253125 0.243056 0.0322917 0.0361111 7
2 0.140625 0.159722 0.0197917 0.025 89
2 0.157812 0.352778 0.034375 0.05 103
2 0.00729167 0.0555556 0.0104167 0.0148148 2
2 0.176042 0.191204 0.0229167 0.0287037 104
2 0.195312 0.203704 0.0239583 0.0277778 92
