2 0.848958 0.8125 0.136458 0.136111 1
2 0.7625 0.859722 0.113542 0.126852 2
2 0.598437 0.68287 0.0885417 0.0916667 3
2 0.115104 0.260648 0.0302083 0.0361111 4
2 0.275781 0.2625 0.0328125 0.0324074 5
2 0.184375 0.465741 0.0510417 0.0722222 6
2 0.253125 0.243056 0.0333333 0.037963 7
2 0.141927 0.289815 0.0348958 0.0407407 8
2 0.0611979 0.180093 0.0244792 0.0324074 14
2 0.0739583 0.1 0.0145833 0.0166667 11
2 0.141146 0.160185 0.0208333 0.0240741 9
2 0.176302 0.191667 0.0234375 0.0277778 12
2 0.211719 0.215278 0.0328125 0.0342593 15
2 0.194792 0.365741 0.0354167 0.0611111 10
