2 0.226562 0.540741 0.059375 0.0833333 6
2 0.486979 0.562963 0.0708333 0.0703704 3
2 0.665885 0.752778 0.0932292 0.105556 2
2 0.115104 0.261111 0.0302083 0.037037 4
2 0.27526 0.262963 0.0328125 0.0314815 5
2 0.692187 0.610185 0.0572917 0.0925926 1
2 0.252604 0.243056 0.0333333 0.037963 7
2 0.142187 0.291667 0.0364583 0.0425926 8
2 0.0979167 0.225463 0.0260417 0.0324074 13
2 0.165104 0.427778 0.0541667 0.0833333 10
2 0.140625 0.160185 0.0208333 0.0240741 9
2 0.153646 0.170833 0.01875 0.025 12
2 0.0729167 0.1 0.015625 0.0166667 11
2 0.176302 0.191667 0.0244792 0.0277778 15
2 0.059375 0.179167 0.0260417 0.0305556 14
