2 0.283594 0.630556 0.0651042 0.0981481 33
2 0.96901 0.409259 0.0609375 0.0481481 42
2 0.285677 0.346296 0.0369792 0.0444444 2
2 0.202604 0.261111 0.0291667 0.0333333 3
2 0.330469 0.550463 0.0755208 0.100926 10
2 0.276042 0.2625 0.0322917 0.0324074 5
2 0.54375 0.846296 0.107292 0.168519 29
2 0.153906 0.314815 0.0348958 0.0444444 4
2 0.252604 0.243519 0.0322917 0.037037 7
2 0.1125 0.252778 0.0239583 0.0240741 13
2 0.211979 0.215741 0.0333333 0.0351852 43
2 0.222135 0.413889 0.0536458 0.062963 8
2 0.141146 0.160648 0.0208333 0.0231481 9
2 0.177344 0.19213 0.0234375 0.0268519 15
