2 0.758854 0.856481 0.111458 0.125926 2
2 0.832292 0.796759 0.132292 0.130556 1
2 0.591927 0.675926 0.0869792 0.0907407 3
2 0.115104 0.260185 0.0302083 0.037037 4
2 0.185677 0.468519 0.0515625 0.0740741 6
2 0.275521 0.2625 0.0322917 0.0324074 5
2 0.252344 0.243056 0.0328125 0.037963 7
2 0.141667 0.289815 0.0354167 0.0407407 8
2 0.0604167 0.180556 0.025 0.0314815 14
2 0.194271 0.365741 0.0354167 0.0611111 10
2 0.0734375 0.099537 0.0145833 0.0175926 11
2 0.140885 0.160185 0.0203125 0.0240741 9
2 0.0979167 0.225 0.0260417 0.0333333 13
2 0.176042 0.191667 0.0229167 0.0277778 12
2 0.211719 0.215741 0.0328125 0.0351852 15
