2 0.379427 0.633333 0.0734375 0.1 4
2 0.713281 0.454167 0.0765625 0.0527778 42
2 0.275521 0.262963 0.0322917 0.0314815 5
2 0.124479 0.177778 0.0208333 0.0259259 2
2 0.414583 0.475926 0.0572917 0.0666667 55
2 0.0432292 0.123148 0.0239583 0.0222222 57
2 0.0940104 0.141204 0.0182292 0.0212963 3
2 0.252604 0.243519 0.0333333 0.037037 7
2 0.176302 0.191667 0.0234375 0.0277778 15
2 0.211719 0.215741 0.0317708 0.0351852 43
2 0.0638021 0.185185 0.0255208 0.0351852 60
2 0.153906 0.170833 0.0192708 0.0231481 50
2 0.222396 0.401852 0.0458333 0.0685185 13
