2 0.886458 0.480093 0.0833333 0.0694444 1
2 0.323437 0.391204 0.0458333 0.0472222 3
2 0.255469 0.580093 0.0682292 0.115741 26
2 0.454948 0.523148 0.0588542 0.0685185 2
2 0.157812 0.414815 0.0416667 0.0574074 33
2 0.416146 0.90463 0.10625 0.17963 6
2 0.276042 0.262963 0.03125 0.0314815 5
2 0.466667 0.737963 0.0927083 0.133333 27
2 0.290365 0.49213 0.0578125 0.0824074 29
2 0.122135 0.269907 0.0307292 0.037963 4
2 0.211458 0.216204 0.0333333 0.0361111 15
2 0.252083 0.243519 0.0322917 0.037037 7
2 0.140885 0.160185 0.0203125 0.0240741 12
