2 0.605469 0.681481 0.0901042 0.1 55
2 0.741927 0.45 0.0755208 0.0518519 42
2 0.276042 0.262963 0.0322917 0.0314815 5
2 0.273177 0.482407 0.0567708 0.0703704 4
2 0.159635 0.213889 0.0203125 0.0259259 2
2 0.253125 0.243519 0.0333333 0.037037 7
2 0.0859375 0.120833 0.0322917 0.0194444 57
2 0.170052 0.332407 0.0369792 0.0518519 13
2 0.211458 0.215741 0.0333333 0.0351852 43
2 0.110156 0.162037 0.0203125 0.0240741 3
2 0.0583333 0.174074 0.021875 0.0314815 60
2 0.465625 0.754167 0.110417 0.128704 8
2 0.140885 0.160648 0.0203125 0.0231481 62
2 0.177083 0.19213 0.025 0.0287037 15
