2 0.710417 0.45463 0.078125 0.0537037 42
2 0.309375 0.530093 0.0677083 0.108333 73
2 0.276042 0.2625 0.0322917 0.0324074 5
2 0.133854 0.305093 0.03125 0.0416667 103
2 0.816146 0.429167 0.0927083 0.0675926 86
2 0.0661458 0.116204 0.0166667 0.0212963 55
2 0.253125 0.243056 0.0322917 0.037963 7
2 0.243229 0.359722 0.0458333 0.062037 79
2 0.211458 0.215741 0.0333333 0.0351852 43
2 0.153906 0.171296 0.0192708 0.0222222 15
2 0.176823 0.191667 0.0234375 0.0277778 104
2 0.0117188 0.0606481 0.0109375 0.0138889 2
2 0.632552 0.937963 0.139063 0.116667 99
