2 0.372656 0.604167 0.0713542 0.108333 29
2 0.26224 0.325926 0.0369792 0.0407407 3
2 0.275781 0.262963 0.0317708 0.0314815 5
2 0.367708 0.43287 0.0479167 0.0564815 2
2 0.132031 0.284722 0.0317708 0.0416667 4
2 0.33724 0.744907 0.108854 0.178704 26
2 0.252604 0.243519 0.0333333 0.037037 7
2 0.252865 0.443519 0.0598958 0.0777778 10
2 0.18099 0.354167 0.0432292 0.0509259 8
2 0.0736979 0.1 0.0140625 0.0166667 11
2 0.21224 0.216204 0.0328125 0.0361111 15
2 0.100521 0.231481 0.028125 0.0407407 13
2 0.141146 0.160185 0.0208333 0.0240741 9
