2 0.709896 0.45463 0.078125 0.0537037 42
2 0.275781 0.2625 0.0328125 0.0324074 5
2 0.252865 0.243056 0.0338542 0.037963 7
2 0.0338542 0.0833333 0.0135417 0.0166667 3
2 0.0492187 0.0990741 0.0140625 0.0185185 2
2 0.211458 0.215741 0.0333333 0.0351852 43
2 0.125521 0.27037 0.034375 0.0518519 73
2 0.148958 0.199537 0.025 0.0324074 55
2 0.0580729 0.174074 0.0182292 0.0277778 90
2 0.140885 0.160185 0.0213542 0.0240741 89
2 0.960938 0.402778 0.0770833 0.0648148 86
2 0.107031 0.230556 0.0328125 0.0407407 79
2 0.0731771 0.099537 0.0151042 0.0175926 91
2 0.177083 0.19213 0.0229167 0.0268519 15
