2 0.338281 0.572685 0.0723958 0.112037 73
2 0.710156 0.45463 0.0776042 0.0537037 42
2 0.815885 0.429167 0.0932292 0.0675926 86
2 0.276302 0.262963 0.0317708 0.0314815 5
2 0.251302 0.368519 0.0463542 0.0648148 79
2 0.252604 0.243519 0.0333333 0.037037 7
2 0.176042 0.191204 0.0229167 0.0287037 104
2 0.143229 0.323611 0.0322917 0.0453704 103
2 0.009375 0.0583333 0.0114583 0.0148148 2
2 0.140625 0.159722 0.0197917 0.025 89
2 0.0617188 0.110185 0.0171875 0.0222222 55
2 0.195312 0.203704 0.025 0.0277778 92
