2 0.883854 0.425 0.0729167 0.05 42
2 0.382552 0.816667 0.0859375 0.144444 33
2 0.240625 0.297685 0.0322917 0.0398148 2
2 0.168229 0.223148 0.0270833 0.0296296 3
2 0.276302 0.2625 0.0328125 0.0324074 5
2 0.266927 0.478704 0.0640625 0.0703704 8
2 0.41849 0.675463 0.0963542 0.132407 10
2 0.121354 0.261111 0.0302083 0.0425926 13
2 0.253385 0.243056 0.0328125 0.0361111 7
2 0.21224 0.215741 0.0338542 0.0351852 43
2 0.176563 0.347685 0.0385417 0.0490741 4
2 0.141146 0.160648 0.0208333 0.0231481 9
2 0.0736979 0.1 0.0151042 0.0166667 46
2 0.177344 0.191667 0.0234375 0.0277778 15
