2 0.76901 0.865741 0.115104 0.127778 2
2 0.902083 0.862963 0.155208 0.151852 1
2 0.61276 0.699074 0.0911458 0.0962963 3
2 0.115104 0.260185 0.0302083 0.037037 4
2 0.179427 0.45787 0.0505208 0.0675926 6
2 0.27526 0.262037 0.0328125 0.0314815 5
2 0.252344 0.243056 0.0328125 0.037963 7
2 0.141406 0.290278 0.0348958 0.0416667 8
2 0.19401 0.365278 0.0359375 0.0601852 10
2 0.140885 0.160185 0.0203125 0.0240741 9
2 0.0731771 0.099537 0.0140625 0.0175926 11
2 0.0606771 0.180093 0.0255208 0.0324074 14
2 0.176042 0.191667 0.0229167 0.0277778 12
2 0.0979167 0.225 0.0260417 0.0333333 13
