2 0.710156 0.45463 0.0786458 0.0537037 42
2 0.0841146 0.134259 0.0182292 0.0240741 55
2 0.275781 0.2625 0.0328125 0.0324074 5
2 0.252865 0.243056 0.0328125 0.037963 7
2 0.0213542 0.0699074 0.0125 0.0157407 2
2 0.211458 0.215278 0.0333333 0.0361111 43
2 0.22526 0.409259 0.0494792 0.0833333 73
2 0.204687 0.316204 0.0416667 0.0546296 79
2 0.101823 0.245833 0.0255208 0.0342593 103
2 0.82474 0.426389 0.0932292 0.0638889 86
2 0.405729 0.666204 0.0947917 0.126852 99
2 0.177344 0.19213 0.0223958 0.0268519 89
2 0.153906 0.171759 0.0192708 0.0231481 15
