2 0.475521 0.917593 0.148958 0.157407 26
2 0.258333 0.584259 0.0604167 0.0888889 33
2 0.303646 0.365278 0.0395833 0.0472222 2
2 0.216146 0.275926 0.03125 0.0351852 3
2 0.986719 0.403704 0.0255208 0.0425926 42
2 0.276042 0.2625 0.0322917 0.0324074 5
2 0.489323 0.769907 0.0953125 0.14537 29
2 0.252865 0.243519 0.0338542 0.037037 7
2 0.306771 0.517593 0.0708333 0.0944444 10
2 0.148177 0.306019 0.0338542 0.0416667 4
2 0.141146 0.160648 0.0208333 0.0231481 9
2 0.10599 0.240741 0.0307292 0.0388889 13
2 0.177344 0.192593 0.0234375 0.0259259 15
