2 0.398698 0.660185 0.0848958 0.137037 73
2 0.710417 0.45463 0.078125 0.0537037 42
2 0.815885 0.430093 0.0932292 0.0675926 86
2 0.276042 0.262037 0.0322917 0.0333333 5
2 0.252865 0.243056 0.0328125 0.0361111 7
2 0.211458 0.215741 0.0333333 0.0351852 43
2 0.264323 0.384259 0.0494792 0.0666667 79
2 0.177083 0.191667 0.0229167 0.0277778 104
2 0.00572917 0.0541667 0.0114583 0.0138889 2
2 0.0552083 0.103241 0.015625 0.0212963 55
2 0.164062 0.364352 0.0364583 0.0509259 103
2 0.154427 0.170833 0.0192708 0.0231481 15
2 0.13099 0.15 0.0213542 0.0240741 89
