2 0.709896 0.454167 0.078125 0.0527778 42
2 0.478906 0.778241 0.102604 0.176852 73
2 0.815365 0.430093 0.0932292 0.0675926 86
2 0.276042 0.262037 0.0333333 0.0333333 5
2 0.252865 0.242593 0.0328125 0.037037 7
2 0.0489583 0.0981481 0.015625 0.0185185 55
2 0.177083 0.191204 0.0239583 0.0287037 104
2 0.153906 0.170833 0.0192708 0.0231481 15
2 0.274479 0.396296 0.0510417 0.0685185 79
2 0.211458 0.215741 0.0333333 0.0351852 43
2 0.188542 0.413889 0.0395833 0.0574074 103
2 0.0739583 0.1 0.0145833 0.0166667 92
