2 0.710156 0.45463 0.0786458 0.0537037 42
2 0.394792 0.649537 0.0916667 0.121296 99
2 0.275521 0.262963 0.0322917 0.0314815 5
2 0.0854167 0.135648 0.01875 0.0231481 55
2 0.252604 0.243056 0.0333333 0.037963 7
2 0.211719 0.215278 0.0328125 0.0361111 43
2 0.0223958 0.0708333 0.0125 0.0157407 2
2 0.825521 0.425926 0.0927083 0.0648148 86
2 0.201302 0.313889 0.0411458 0.0537037 79
2 0.00651042 0.0574074 0.0130208 0.0111111 3
2 0.153906 0.171296 0.0192708 0.0240741 15
2 0.220573 0.406019 0.0494792 0.0787037 73
2 0.0739583 0.1 0.0135417 0.0166667 91
