2 0.259375 0.6 0.0645833 0.0962963 6
2 0.60625 0.685648 0.0822917 0.0972222 2
2 0.708073 0.555093 0.0598958 0.0824074 1
2 0.115365 0.260648 0.0307292 0.037963 4
2 0.438542 0.510648 0.0614583 0.0657407 3
2 0.275521 0.262963 0.0322917 0.0314815 5
2 0.252604 0.242593 0.0322917 0.037037 7
2 0.146094 0.294444 0.0390625 0.0425926 8
2 0.326302 0.541667 0.0598958 0.0907407 27
2 0.177604 0.3375 0.0458333 0.062037 10
2 0.153906 0.171296 0.0192708 0.0240741 12
2 0.0984375 0.225926 0.0260417 0.0333333 13
2 0.179948 0.456019 0.0619792 0.0916667 26
2 0.0731771 0.1 0.0151042 0.0166667 11
2 0.141146 0.160185 0.0208333 0.0240741 9
2 0.223177 0.399074 0.0463542 0.0685185 29
2 0.211198 0.215278 0.0328125 0.0342593 15
