2 0.710417 0.45463 0.078125 0.0537037 42
2 0.426823 0.702315 0.0911458 0.147222 73
2 0.815885 0.430093 0.0932292 0.0675926 86
2 0.276302 0.262037 0.0328125 0.0333333 5
2 0.253125 0.242593 0.03125 0.037037 7
2 0.00494792 0.0532407 0.00989583 0.0138889 2
2 0.0533854 0.101389 0.0161458 0.0194444 55
2 0.177344 0.191667 0.0234375 0.0277778 104
2 0.211719 0.215741 0.0328125 0.0351852 43
2 0.269271 0.388889 0.0489583 0.0666667 79
2 0.154167 0.170833 0.01875 0.0231481 15
2 0.172917 0.38287 0.0375 0.0527778 103
2 0.196094 0.20463 0.0255208 0.0277778 92
2 0.13099 0.15 0.0213542 0.0240741 89
