2 0.882031 0.425463 0.0723958 0.0490741 42
2 0.167708 0.222222 0.0260417 0.0296296 3
2 0.239844 0.296296 0.0317708 0.0407407 2
2 0.276562 0.262037 0.0333333 0.0333333 5
2 0.422396 0.679167 0.0979167 0.134259 10
2 0.122396 0.261111 0.0291667 0.0425926 13
2 0.267969 0.481019 0.0651042 0.0694444 8
2 0.253646 0.243519 0.0333333 0.037037 7
2 0.386198 0.823611 0.0869792 0.143519 33
2 0.2125 0.215741 0.0333333 0.0351852 43
2 0.177865 0.349074 0.0390625 0.0481481 4
2 0.177865 0.19213 0.0244792 0.0287037 15
2 0.0742188 0.0990741 0.0140625 0.0166667 46
