2 0.7125 0.453704 0.0760417 0.0537037 42
2 0.396354 0.657407 0.0760417 0.105556 4
2 0.275781 0.262963 0.0328125 0.0314815 5
2 0.398958 0.460648 0.053125 0.062037 55
2 0.252865 0.243519 0.0328125 0.037037 7
2 0.0651042 0.185648 0.0270833 0.0342593 60
2 0.0927083 0.139352 0.01875 0.0212963 3
2 0.121615 0.175 0.0203125 0.0222222 2
2 0.0416667 0.123611 0.0208333 0.0231481 57
2 0.176563 0.191667 0.0239583 0.0277778 15
2 0.211979 0.215741 0.0322917 0.0351852 43
2 0.154167 0.171296 0.0197917 0.0222222 50
2 0.194531 0.204167 0.0234375 0.0268519 64
2 0.148438 0.304167 0.0375 0.0527778 52
