2 0.724479 0.452778 0.0760417 0.0537037 42
2 0.313542 0.539815 0.0604167 0.0796296 4
2 0.503385 0.571296 0.0723958 0.0814815 55
2 0.276042 0.2625 0.0322917 0.0324074 5
2 0.252865 0.243519 0.0328125 0.037037 7
2 0.141927 0.19537 0.0223958 0.0259259 2
2 0.0627604 0.121759 0.0317708 0.0194444 57
2 0.190625 0.361111 0.0395833 0.0555556 13
2 0.176823 0.191667 0.0244792 0.0277778 15
2 0.211719 0.215741 0.0328125 0.0351852 43
2 0.0609375 0.177778 0.0239583 0.0333333 60
2 0.101562 0.151852 0.0197917 0.0240741 3
2 0.196094 0.20463 0.0265625 0.0259259 50
