2 0.442188 0.514352 0.0635417 0.0657407 3
2 0.705469 0.558796 0.0578125 0.0861111 1
2 0.115365 0.260648 0.0307292 0.037963 4
2 0.25625 0.59537 0.0645833 0.0962963 6
2 0.275781 0.262963 0.0328125 0.0314815 5
2 0.611719 0.690741 0.0817708 0.0981481 2
2 0.252604 0.242593 0.0322917 0.037037 7
2 0.145313 0.293981 0.0375 0.0435185 8
2 0.176563 0.335648 0.0458333 0.062037 10
2 0.154167 0.171296 0.0197917 0.0240741 12
2 0.0984375 0.225926 0.0260417 0.0333333 13
2 0.0734375 0.1 0.015625 0.0166667 11
2 0.322917 0.536574 0.0604167 0.0898148 27
2 0.141146 0.160185 0.0208333 0.0240741 9
2 0.176042 0.191204 0.0239583 0.0287037 15
2 0.221875 0.398611 0.0458333 0.0657407 29
