2 0.32526 0.556481 0.0630208 0.0833333 4
2 0.721875 0.452778 0.0760417 0.0537037 42
2 0.483073 0.548148 0.0682292 0.0777778 55
2 0.138021 0.191667 0.021875 0.0277778 2
2 0.275781 0.262963 0.0328125 0.0314815 5
2 0.252865 0.243519 0.0328125 0.037037 7
2 0.0578125 0.121296 0.03125 0.0222222 57
2 0.19401 0.369444 0.0359375 0.0592593 13
2 0.176563 0.191667 0.0239583 0.0277778 15
2 0.211979 0.215741 0.0322917 0.0351852 43
2 0.100521 0.149537 0.01875 0.0231481 3
2 0.0606771 0.178704 0.0265625 0.0351852 60
