2 0.484896 0.560648 0.0697917 0.0712963 3
2 0.227865 0.54213 0.0588542 0.0824074 6
2 0.663802 0.751389 0.0932292 0.10463 2
2 0.115104 0.261111 0.0302083 0.037037 4
2 0.27526 0.262963 0.0328125 0.0314815 5
2 0.252604 0.243056 0.0333333 0.037963 7
2 0.142448 0.291667 0.0369792 0.0425926 8
2 0.0979167 0.225463 0.0260417 0.0324074 13
2 0.691927 0.608796 0.0567708 0.0935185 1
2 0.153646 0.170833 0.01875 0.025 12
2 0.140625 0.160185 0.0208333 0.0240741 9
2 0.0729167 0.1 0.015625 0.0166667 11
2 0.176302 0.191667 0.0244792 0.0277778 15
2 0.169531 0.327778 0.0473958 0.0648148 10
