2 0.709896 0.45463 0.078125 0.0537037 42
2 0.275781 0.2625 0.0328125 0.0324074 5
2 0.153125 0.205556 0.025 0.0314815 55
2 0.0359375 0.0856481 0.0145833 0.0175926 3
2 0.252865 0.243056 0.0338542 0.037963 7
2 0.122917 0.266204 0.0333333 0.0490741 73
2 0.0510417 0.100463 0.0145833 0.0175926 2
2 0.211458 0.215741 0.0333333 0.0351852 43
2 0.0567708 0.171296 0.0166667 0.0259259 90
2 0.451042 0.743056 0.1 0.147222 76
2 0.103646 0.225463 0.0322917 0.0416667 79
2 0.0731771 0.099537 0.0151042 0.0175926 91
2 0.141146 0.160648 0.0208333 0.0231481 89
