2 0.59974 0.676852 0.0901042 0.0962963 55
2 0.741406 0.450463 0.0755208 0.0527778 42
2 0.275781 0.485185 0.0588542 0.0703704 4
2 0.276042 0.2625 0.0322917 0.0324074 5
2 0.253125 0.243519 0.0333333 0.037037 7
2 0.0848958 0.12037 0.0322917 0.0203704 57
2 0.109896 0.161574 0.0208333 0.025 3
2 0.157031 0.211111 0.0234375 0.0296296 2
2 0.0585938 0.174074 0.0223958 0.0314815 60
2 0.211719 0.215741 0.0328125 0.0351852 43
2 0.171094 0.333333 0.0380208 0.0518519 13
2 0.469271 0.759259 0.111458 0.12963 8
2 0.140885 0.160648 0.0203125 0.0231481 62
2 0.177083 0.19213 0.025 0.0287037 15
