2 0.853906 0.935648 0.147396 0.126852 55
2 0.782031 0.443056 0.0755208 0.0527778 42
2 0.276042 0.2625 0.0322917 0.0324074 5
2 0.185417 0.240741 0.0260417 0.0314815 2
2 0.146875 0.299074 0.0333333 0.0481481 13
2 0.369531 0.620833 0.0880208 0.0953704 8
2 0.253125 0.243519 0.0333333 0.037037 7
2 0.128385 0.181481 0.0223958 0.0259259 3
2 0.176823 0.191667 0.0244792 0.0277778 15
2 0.211719 0.215741 0.0328125 0.0351852 43
2 0.195833 0.204167 0.0260417 0.0287037 50
2 0.106771 0.246296 0.0302083 0.0388889 52
