2 0.710156 0.45463 0.0776042 0.0537037 42
2 0.275521 0.2625 0.0322917 0.0324074 5
2 0.252344 0.243056 0.0338542 0.037963 7
2 0.0348958 0.0842593 0.0135417 0.0166667 3
2 0.151302 0.202778 0.0255208 0.0314815 55
2 0.123698 0.267593 0.0338542 0.05 73
2 0.05 0.099537 0.0145833 0.0175926 2
2 0.211458 0.215741 0.0333333 0.0351852 43
2 0.0731771 0.099537 0.0151042 0.0175926 91
2 0.0572917 0.172222 0.0177083 0.0259259 90
2 0.141146 0.160185 0.0208333 0.0240741 89
2 0.104948 0.228241 0.0328125 0.0416667 79
2 0.46224 0.759259 0.101562 0.151852 76
