2 0.710156 0.45463 0.0776042 0.0537037 42
2 0.275781 0.2625 0.0328125 0.0324074 5
2 0.156771 0.272222 0.0385417 0.0462963 79
2 0.0335937 0.0824074 0.0130208 0.0166667 2
2 0.252604 0.243056 0.0333333 0.037963 7
2 0.867448 0.421296 0.0911458 0.0666667 86
2 0.166927 0.328241 0.0411458 0.062037 73
2 0.110417 0.162037 0.021875 0.0259259 55
2 0.0182292 0.0685185 0.0125 0.0148148 3
2 0.0739583 0.099537 0.0145833 0.0175926 91
2 0.211458 0.215741 0.0322917 0.0351852 43
2 0.153646 0.170833 0.01875 0.0231481 15
2 0.277344 0.479167 0.0609375 0.0842593 99
2 0.140885 0.160648 0.0213542 0.0231481 89
