2 0.710417 0.45463 0.078125 0.0537037 42
2 0.276042 0.2625 0.0322917 0.0324074 5
2 0.253125 0.243056 0.0333333 0.037963 7
2 0.0809896 0.131481 0.0182292 0.0240741 55
2 0.433333 0.705093 0.101042 0.139815 99
2 0.211198 0.323611 0.0421875 0.0546296 79
2 0.822396 0.428241 0.0927083 0.0675926 86
2 0.0203125 0.0694444 0.0125 0.0148148 2
2 0.211719 0.215741 0.0328125 0.0351852 43
2 0.104427 0.252315 0.0307292 0.037963 103
2 0.177083 0.19213 0.0229167 0.0268519 104
2 0.154167 0.171296 0.0197917 0.0222222 15
2 0.241927 0.436111 0.0401042 0.062963 73
