2 0.329427 0.7375 0.0817708 0.132407 6
2 0.116667 0.262963 0.0322917 0.0388889 4
2 0.27526 0.262963 0.0328125 0.0314815 5
2 0.51901 0.593056 0.0682292 0.0787037 2
2 0.371094 0.440278 0.0515625 0.0527778 3
2 0.251823 0.242593 0.0328125 0.037037 7
2 0.151823 0.305093 0.0369792 0.0435185 8
2 0.0731771 0.1 0.0151042 0.0166667 11
2 0.19349 0.362037 0.0473958 0.0666667 10
2 0.396354 0.637963 0.0729167 0.111111 27
2 0.0979167 0.225463 0.0260417 0.0324074 13
2 0.153646 0.170833 0.0197917 0.025 12
2 0.140885 0.160648 0.0203125 0.0231481 9
2 0.253906 0.443056 0.0515625 0.075 29
2 0.175521 0.191667 0.0239583 0.0296296 15
