2 0.710417 0.45463 0.078125 0.0537037 42
2 0.335417 0.569444 0.0708333 0.111111 73
2 0.816146 0.429167 0.0927083 0.0675926 86
2 0.276042 0.262963 0.03125 0.0314815 5
2 0.252604 0.243519 0.0333333 0.037037 7
2 0.176042 0.191204 0.0229167 0.0287037 104
2 0.250781 0.368056 0.0463542 0.0638889 79
2 0.142187 0.322222 0.0322917 0.0444444 103
2 0.009375 0.0583333 0.0114583 0.0148148 2
2 0.140625 0.159722 0.0197917 0.025 89
2 0.0622396 0.110648 0.0171875 0.0212963 55
2 0.153385 0.17037 0.0182292 0.0240741 15
2 0.195833 0.203241 0.025 0.0287037 92
