2 0.460417 0.732407 0.0864583 0.131481 13
2 0.710156 0.454167 0.0786458 0.0546296 42
2 0.238281 0.293056 0.0348958 0.0435185 55
2 0.275781 0.2625 0.0328125 0.0324074 5
2 0.0799479 0.131019 0.0161458 0.0212963 2
2 0.211458 0.215278 0.0333333 0.0361111 43
2 0.252865 0.243519 0.0328125 0.0388889 7
2 0.0614583 0.110185 0.0166667 0.0203704 3
2 0.125781 0.26713 0.0359375 0.0472222 73
2 0.177083 0.19213 0.0239583 0.0268519 15
2 0.0617188 0.185648 0.0255208 0.0324074 67
2 0.153906 0.170833 0.0192708 0.0231481 50
