2 0.825 0.435185 0.0739583 0.0481481 42
2 0.3125 0.542593 0.075 0.0796296 8
2 0.276042 0.262963 0.0322917 0.0314815 5
2 0.196615 0.380093 0.0359375 0.0527778 4
2 0.524219 0.825 0.127604 0.183333 10
2 0.132552 0.278241 0.0317708 0.0453704 13
2 0.210417 0.265278 0.0291667 0.0361111 2
2 0.253125 0.243519 0.0322917 0.037037 7
2 0.145833 0.200463 0.0239583 0.0268519 3
2 0.211719 0.215741 0.0328125 0.0351852 43
2 0.0989583 0.233333 0.028125 0.0407407 52
2 0.141146 0.160185 0.0208333 0.0240741 9
2 0.0734375 0.1 0.0145833 0.0166667 46
2 0.176823 0.191667 0.0244792 0.0277778 15
