2 0.709896 0.45463 0.078125 0.0537037 42
2 0.276042 0.2625 0.0322917 0.0324074 5
2 0.932552 0.410185 0.0880208 0.0648148 86
2 0.252865 0.243056 0.0328125 0.037963 7
2 0.120833 0.241667 0.034375 0.0425926 79
2 0.136198 0.285648 0.0359375 0.0527778 73
2 0.211458 0.215741 0.0333333 0.0351852 43
2 0.592708 0.919444 0.142708 0.159259 76
2 0.176823 0.19213 0.0234375 0.0268519 15
2 0.136719 0.187963 0.0234375 0.0296296 55
2 0.0442708 0.0944444 0.0135417 0.0166667 2
2 0.0291667 0.0787037 0.0135417 0.0148148 3
2 0.0638021 0.181481 0.0223958 0.0277778 90
