2 0.23776 0.300463 0.0348958 0.037963 3
2 0.334896 0.398148 0.04375 0.05 2
2 0.224479 0.533333 0.0541667 0.0685185 33
2 0.275781 0.476852 0.0651042 0.087037 10
2 0.421615 0.675 0.0807292 0.124074 29
2 0.275521 0.2625 0.0322917 0.0324074 5
2 0.252083 0.243519 0.0322917 0.037037 7
2 0.190104 0.373611 0.0416667 0.0527778 8
2 0.138281 0.293056 0.0328125 0.0435185 4
2 0.0731771 0.1 0.0140625 0.0166667 11
2 0.102865 0.234722 0.0276042 0.037963 13
2 0.140625 0.160185 0.0208333 0.0240741 9
2 0.177865 0.193519 0.0203125 0.0277778 15
