2 0.914062 0.474537 0.0833333 0.0675926 1
2 0.3125 0.37963 0.04375 0.0462963 3
2 0.444792 0.924074 0.113542 0.146296 6
2 0.276042 0.2625 0.03125 0.0324074 5
2 0.123438 0.271296 0.03125 0.0407407 4
2 0.301042 0.506944 0.0604167 0.0861111 29
2 0.163281 0.424074 0.0442708 0.0611111 33
2 0.440104 0.506944 0.0572917 0.0675926 2
2 0.26875 0.603241 0.0677083 0.125 26
2 0.252604 0.243056 0.0333333 0.0361111 7
2 0.211719 0.215278 0.0338542 0.0361111 15
2 0.218229 0.397222 0.0520833 0.0722222 10
2 0.163281 0.324074 0.0390625 0.0462963 8
2 0.0986979 0.226852 0.0265625 0.0351852 13
2 0.140885 0.160185 0.0203125 0.0240741 9
