2 0.302604 0.665741 0.06875 0.107407 33
2 0.952083 0.413426 0.0708333 0.0490741 42
2 0.27474 0.333796 0.0359375 0.0435185 2
2 0.276042 0.2625 0.0322917 0.0324074 5
2 0.19401 0.251389 0.0286458 0.0324074 3
2 0.347396 0.575 0.0791667 0.107407 10
2 0.252604 0.243519 0.0322917 0.037037 7
2 0.109115 0.248611 0.0338542 0.037963 13
2 0.211719 0.215741 0.0338542 0.0351852 43
2 0.158594 0.321759 0.0359375 0.0453704 4
2 0.585938 0.906019 0.11875 0.184259 29
2 0.141146 0.160648 0.0208333 0.0231481 9
2 0.176823 0.19213 0.0234375 0.0268519 15
2 0.240104 0.433333 0.0375 0.0518519 8
