2 0.739062 0.834722 0.108333 0.121296 2
2 0.765885 0.730093 0.115104 0.113889 1
2 0.563542 0.64537 0.0822917 0.0851852 3
2 0.114844 0.260648 0.0307292 0.0361111 4
2 0.275 0.262963 0.0322917 0.0314815 5
2 0.252604 0.243056 0.0333333 0.037963 7
2 0.190625 0.484722 0.0458333 0.0731481 6
2 0.141667 0.289815 0.0354167 0.0407407 8
2 0.0726563 0.099537 0.0151042 0.0175926 11
2 0.0979167 0.225926 0.0260417 0.0333333 13
2 0.140625 0.160185 0.0208333 0.0240741 9
2 0.153385 0.17037 0.0182292 0.0240741 12
2 0.0604167 0.179167 0.025 0.0305556 14
