2 0.709896 0.45463 0.078125 0.0537037 42
2 0.275521 0.2625 0.0322917 0.0324074 5
2 0.252604 0.243056 0.0333333 0.037963 7
2 0.0330729 0.0824074 0.0130208 0.0166667 2
2 0.157292 0.272685 0.0385417 0.0472222 79
2 0.865885 0.421296 0.0901042 0.0666667 86
2 0.167708 0.330093 0.040625 0.062037 73
2 0.0177083 0.0680556 0.0125 0.0138889 3
2 0.110156 0.160648 0.0213542 0.0268519 55
2 0.0736979 0.099537 0.0140625 0.0175926 91
2 0.211458 0.215741 0.0322917 0.0351852 43
2 0.153646 0.171296 0.01875 0.0240741 15
2 0.278906 0.481944 0.0609375 0.0842593 99
2 0.140885 0.160185 0.0203125 0.0240741 89
