2 0.710156 0.45463 0.0776042 0.0537037 42
2 0.275781 0.262963 0.0328125 0.0314815 5
2 0.252865 0.243519 0.0338542 0.0388889 7
2 0.973958 0.400463 0.0510417 0.0583333 86
2 0.0526042 0.102315 0.0145833 0.0175926 2
2 0.118229 0.262037 0.0354167 0.0481481 73
2 0.0372396 0.0861111 0.0140625 0.0166667 3
2 0.421875 0.701389 0.0927083 0.136111 76
2 0.211458 0.215741 0.0333333 0.0351852 43
2 0.158073 0.209259 0.0255208 0.0314815 55
2 0.0994792 0.222222 0.0302083 0.0388889 79
2 0.153906 0.17037 0.0192708 0.0240741 50
