2 0.307292 0.526389 0.0666667 0.108333 73
2 0.710417 0.45463 0.078125 0.0537037 42
2 0.816146 0.42963 0.0927083 0.0666667 86
2 0.276042 0.2625 0.0322917 0.0324074 5
2 0.253125 0.243056 0.0333333 0.037963 7
2 0.242188 0.358333 0.0458333 0.0611111 79
2 0.628646 0.933333 0.145833 0.125926 99
2 0.0661458 0.116667 0.0166667 0.0203704 55
2 0.132812 0.303704 0.0302083 0.0425926 103
2 0.211458 0.215741 0.0333333 0.0351852 43
2 0.153906 0.171296 0.0192708 0.0222222 15
2 0.176823 0.191667 0.0234375 0.0277778 104
2 0.0122396 0.0611111 0.0109375 0.0148148 2
