2 0.710417 0.45463 0.078125 0.0537037 42
2 0.276042 0.262963 0.0322917 0.0314815 5
2 0.253125 0.45 0.05625 0.0907407 73
2 0.252865 0.243056 0.0328125 0.037963 7
2 0.478385 0.765278 0.114062 0.163889 99
2 0.0765625 0.127315 0.0177083 0.0212963 55
2 0.11276 0.264352 0.0286458 0.0398148 103
2 0.220312 0.332407 0.0427083 0.0574074 79
2 0.819271 0.428704 0.0927083 0.0685185 86
2 0.00364583 0.0532407 0.00729167 0.012037 3
2 0.211719 0.215741 0.0328125 0.0351852 43
2 0.153906 0.171296 0.0192708 0.0222222 15
2 0.177083 0.191667 0.0239583 0.0277778 104
2 0.0174479 0.0662037 0.0119792 0.0157407 2
