2 0.710156 0.45463 0.0786458 0.0537037 42
2 0.374479 0.618981 0.0864583 0.117593 99
2 0.275521 0.262963 0.0322917 0.0314815 5
2 0.252604 0.243056 0.0333333 0.037963 7
2 0.0885417 0.140278 0.01875 0.0231481 55
2 0.195573 0.30787 0.0411458 0.0527778 79
2 0.211719 0.215278 0.0328125 0.0361111 43
2 0.0236979 0.0726852 0.0130208 0.0157407 2
2 0.00755208 0.0583333 0.0140625 0.0148148 3
2 0.0739583 0.1 0.0135417 0.0166667 91
2 0.828906 0.426852 0.0932292 0.0685185 86
2 0.153906 0.171296 0.0192708 0.0240741 15
