2 0.360677 0.42963 0.0505208 0.0518519 3
2 0.505208 0.576852 0.065625 0.0759259 2
2 0.344271 0.76713 0.0864583 0.139815 6
2 0.27526 0.262963 0.0328125 0.0314815 5
2 0.217708 0.522685 0.0729167 0.108333 26
2 0.251823 0.242593 0.0328125 0.037037 7
2 0.261198 0.452778 0.0526042 0.0759259 29
2 0.116927 0.264352 0.0328125 0.037963 4
2 0.410417 0.655556 0.0760417 0.114815 27
2 0.0731771 0.1 0.0151042 0.0166667 11
2 0.153385 0.306944 0.0380208 0.0435185 8
2 0.0979167 0.225463 0.0260417 0.0324074 13
2 0.153646 0.170833 0.0197917 0.025 12
2 0.194531 0.366667 0.0432292 0.0666667 10
2 0.140885 0.160648 0.0203125 0.0231481 9
2 0.175521 0.191667 0.0239583 0.0296296 15
