2 0.50625 0.794444 0.0989583 0.151852 29
2 0.980469 0.40463 0.0380208 0.0462963 42
2 0.266927 0.599537 0.0609375 0.0916667 33
2 0.276042 0.2625 0.0322917 0.0324074 5
2 0.297656 0.359259 0.0390625 0.0462963 2
2 0.211458 0.270833 0.0302083 0.0342593 3
2 0.14974 0.308796 0.0338542 0.0435185 4
2 0.479948 0.918981 0.132812 0.156481 26
2 0.252604 0.243519 0.0322917 0.037037 7
2 0.211719 0.215741 0.0338542 0.0351852 43
2 0.140885 0.160648 0.0213542 0.0231481 9
2 0.177344 0.192593 0.0234375 0.0259259 15
