2 0.821354 0.434259 0.0739583 0.0481481 42
2 0.276042 0.262963 0.0322917 0.0333333 5
2 0.317188 0.548611 0.0760417 0.0805556 8
2 0.197656 0.383333 0.0338542 0.0537037 4
2 0.208333 0.263889 0.0291667 0.0351852 2
2 0.144271 0.198611 0.0239583 0.0287037 3
2 0.253646 0.243519 0.0322917 0.037037 7
2 0.211979 0.215741 0.0322917 0.0351852 43
2 0.134375 0.280093 0.0322917 0.0453704 13
2 0.546875 0.846296 0.105208 0.174074 10
2 0.176823 0.19213 0.0244792 0.0287037 15
2 0.141146 0.160185 0.0208333 0.0240741 9
2 0.0736979 0.1 0.0151042 0.0166667 46
