2 0.710156 0.454167 0.0786458 0.0546296 42
2 0.275781 0.2625 0.0328125 0.0324074 5
2 0.252865 0.243056 0.0338542 0.037963 7
2 0.140885 0.191667 0.0234375 0.0314815 55
2 0.0458333 0.0958333 0.0145833 0.0175926 2
2 0.0611979 0.178241 0.0203125 0.0287037 90
2 0.944792 0.408796 0.0885417 0.0638889 86
2 0.211198 0.215741 0.0328125 0.0351852 43
2 0.176563 0.19213 0.0229167 0.0268519 15
2 0.0315104 0.0805556 0.0140625 0.0166667 3
2 0.116146 0.237037 0.0333333 0.0425926 79
2 0.132031 0.27963 0.0348958 0.0518519 73
2 0.0731771 0.1 0.0151042 0.0166667 91
2 0.542969 0.875 0.126562 0.188889 76
