2 0.710417 0.45463 0.078125 0.0537037 42
2 0.276042 0.2625 0.0322917 0.0324074 5
2 0.253125 0.243056 0.0333333 0.037963 7
2 0.429427 0.700926 0.100521 0.135185 99
2 0.0815104 0.131944 0.0182292 0.0231481 55
2 0.210417 0.322222 0.0416667 0.0555556 79
2 0.0208333 0.0694444 0.0125 0.0148148 2
2 0.211719 0.215741 0.0328125 0.0351852 43
2 0.822396 0.427315 0.0927083 0.0657407 86
2 0.104167 0.251389 0.0302083 0.0361111 103
2 0.177083 0.19213 0.0229167 0.0268519 104
2 0.154167 0.171296 0.0197917 0.0222222 15
2 0.240104 0.433333 0.040625 0.0648148 73
2 0.138802 0.158333 0.0203125 0.0240741 89
