2 0.710156 0.45463 0.0776042 0.0537037 42
2 0.34401 0.581019 0.0734375 0.113889 73
2 0.815885 0.42963 0.0932292 0.0666667 86
2 0.276042 0.2625 0.0322917 0.0324074 5
2 0.252865 0.243056 0.0328125 0.037963 7
2 0.253125 0.370833 0.046875 0.0638889 79
2 0.009375 0.0583333 0.0114583 0.0148148 2
2 0.0617188 0.110648 0.0171875 0.0212963 55
2 0.176042 0.191667 0.0229167 0.0277778 104
2 0.140625 0.159722 0.0197917 0.025 89
2 0.145313 0.328704 0.0322917 0.0462963 103
2 0.195312 0.203704 0.025 0.0277778 92
