2 0.710156 0.454167 0.0786458 0.0527778 42
2 0.402083 0.665741 0.0854167 0.137037 73
2 0.815885 0.430093 0.0932292 0.0675926 86
2 0.276042 0.262037 0.0322917 0.0333333 5
2 0.252865 0.243056 0.0317708 0.0361111 7
2 0.211458 0.215741 0.0333333 0.0351852 43
2 0.177083 0.191667 0.0229167 0.0277778 104
2 0.264583 0.385185 0.0489583 0.0666667 79
2 0.00546875 0.0541667 0.0109375 0.0138889 2
2 0.165104 0.366667 0.0364583 0.0518519 103
2 0.154167 0.170833 0.01875 0.0231481 15
2 0.0549479 0.102315 0.0151042 0.0231481 55
2 0.141146 0.160648 0.0197917 0.0231481 89
