2 0.709635 0.45463 0.0786458 0.0537037 42
2 0.909115 0.413889 0.0901042 0.0648148 86
2 0.275521 0.2625 0.0322917 0.0324074 5
2 0.025 0.075463 0.0135417 0.0157407 3
2 0.252865 0.243056 0.0328125 0.037963 7
2 0.14401 0.297685 0.0369792 0.0527778 73
2 0.040625 0.0898148 0.0135417 0.0166667 2
2 0.127604 0.178704 0.021875 0.0277778 55
2 0.0736979 0.1 0.0140625 0.0166667 91
2 0.13151 0.250463 0.0359375 0.0435185 79
2 0.211979 0.216204 0.0322917 0.0361111 43
2 0.195312 0.203704 0.0260417 0.0277778 92
2 0.176302 0.191667 0.0234375 0.0277778 15
