2 0.70026 0.640741 0.0744792 0.0962963 1
2 0.689844 0.77963 0.0984375 0.111111 2
2 0.508594 0.587037 0.0723958 0.0759259 3
2 0.115104 0.260648 0.0302083 0.037963 4
2 0.27526 0.262963 0.0328125 0.0314815 5
2 0.252604 0.243056 0.0322917 0.037963 7
2 0.141927 0.290278 0.0359375 0.0416667 8
2 0.215625 0.521759 0.0572917 0.0842593 6
2 0.0981771 0.225463 0.0265625 0.0324074 13
2 0.166927 0.323148 0.0442708 0.0611111 10
2 0.140625 0.160185 0.0208333 0.0240741 9
2 0.0729167 0.1 0.015625 0.0166667 11
2 0.153646 0.17037 0.01875 0.0240741 12
2 0.176563 0.191667 0.0239583 0.0277778 15
