2 0.790365 0.440741 0.0744792 0.0518519 42
2 0.14401 0.294444 0.0328125 0.0462963 13
2 0.356771 0.602778 0.084375 0.0925926 8
2 0.276302 0.2625 0.0328125 0.0324074 5
2 0.131771 0.184722 0.0229167 0.0268519 3
2 0.191146 0.24537 0.0260417 0.0333333 2
2 0.633594 0.933333 0.147396 0.125926 10
2 0.253646 0.243981 0.0322917 0.037963 7
2 0.177083 0.191667 0.0239583 0.0277778 15
2 0.211719 0.215741 0.0328125 0.0351852 43
2 0.196094 0.204167 0.0265625 0.0268519 50
2 0.104688 0.24213 0.03125 0.0416667 52
