2 0.710938 0.45463 0.0770833 0.0537037 42
2 0.374479 0.433796 0.0520833 0.0601852 55
2 0.432292 0.707407 0.0885417 0.118519 4
2 0.275781 0.262963 0.0328125 0.0314815 5
2 0.0890625 0.135648 0.0177083 0.0212963 3
2 0.252865 0.243519 0.0328125 0.037037 7
2 0.115625 0.168981 0.0197917 0.0231481 2
2 0.177083 0.191667 0.0239583 0.0277778 15
2 0.246354 0.437963 0.0479167 0.0666667 13
2 0.211979 0.215741 0.0322917 0.0351852 43
2 0.0682292 0.187963 0.025 0.0333333 60
2 0.154167 0.171296 0.0197917 0.0222222 50
