2 0.709375 0.45463 0.078125 0.0537037 42
2 0.275 0.2625 0.0322917 0.0324074 5
2 0.252083 0.243056 0.0333333 0.037963 7
2 0.189844 0.363889 0.0432292 0.0666667 73
2 0.840104 0.425 0.0927083 0.0685185 86
2 0.0276042 0.0768519 0.0125 0.0166667 2
2 0.0966146 0.148611 0.0192708 0.025 55
2 0.178646 0.293056 0.040625 0.0509259 79
2 0.0734375 0.1 0.0135417 0.0166667 91
2 0.327344 0.553704 0.0755208 0.101852 99
2 0.211198 0.215278 0.0328125 0.0361111 43
2 0.153125 0.171296 0.01875 0.0240741 15
2 0.141146 0.160185 0.0208333 0.0240741 89
2 0.0114583 0.0625 0.0114583 0.0138889 3
