2 0.817448 0.781944 0.128646 0.126852 1
2 0.755729 0.853241 0.1125 0.125 2
2 0.586979 0.669907 0.0875 0.087963 3
2 0.1875 0.472222 0.0510417 0.0722222 6
2 0.115104 0.260185 0.0302083 0.037037 4
2 0.275521 0.2625 0.0322917 0.0324074 5
2 0.141667 0.289815 0.0354167 0.0425926 8
2 0.252865 0.243056 0.0328125 0.037963 7
2 0.0736979 0.1 0.0140625 0.0166667 11
2 0.0604167 0.180556 0.025 0.0314815 14
2 0.251563 0.435185 0.0479167 0.0722222 20
2 0.141146 0.160648 0.0208333 0.025 9
2 0.194531 0.366667 0.0359375 0.0611111 10
2 0.0979167 0.225 0.0260417 0.0333333 13
2 0.176563 0.191667 0.0239583 0.0277778 12
