2 0.364323 0.781944 0.0828125 0.134259 33
2 0.896615 0.422685 0.0723958 0.0509259 42
2 0.247135 0.304167 0.0328125 0.0416667 2
2 0.120052 0.258333 0.0296875 0.0425926 13
2 0.173177 0.229167 0.0265625 0.0305556 3
2 0.276302 0.262037 0.0328125 0.0333333 5
2 0.402865 0.653704 0.0932292 0.125926 10
2 0.253906 0.243519 0.0317708 0.0351852 7
2 0.2125 0.215741 0.0333333 0.0351852 43
2 0.172917 0.34213 0.0375 0.0490741 4
2 0.260156 0.468981 0.0630208 0.0675926 8
2 0.177604 0.19213 0.0239583 0.0287037 15
2 0.0739583 0.1 0.0135417 0.0166667 46
