2 0.709896 0.45463 0.078125 0.0537037 42
2 0.0361979 0.0856481 0.0140625 0.0175926 3
2 0.275521 0.2625 0.0322917 0.0324074 5
2 0.154167 0.206481 0.025 0.0314815 55
2 0.252604 0.243056 0.0333333 0.037963 7
2 0.121875 0.265278 0.0333333 0.0490741 73
2 0.0510417 0.101389 0.0145833 0.0175926 2
2 0.969271 0.399074 0.0604167 0.0648148 86
2 0.0559896 0.171759 0.0171875 0.025 90
2 0.440625 0.729167 0.096875 0.143519 76
2 0.211198 0.215741 0.0328125 0.0351852 43
2 0.0731771 0.099537 0.0151042 0.0175926 91
2 0.141146 0.160185 0.0208333 0.0240741 89
2 0.101562 0.224074 0.0333333 0.0388889 79
