2 0.275 0.340278 0.0385417 0.0416667 3
2 0.38776 0.453241 0.0505208 0.0583333 2
2 0.348698 0.572222 0.0671875 0.1 29
2 0.275521 0.2625 0.03125 0.0324074 5
2 0.18776 0.464352 0.0484375 0.0675926 33
2 0.252083 0.243519 0.0333333 0.037037 7
2 0.989583 0.450463 0.0197917 0.0564815 1
2 0.128646 0.280093 0.03125 0.0398148 4
2 0.211198 0.216204 0.0328125 0.0361111 15
2 0.0731771 0.1 0.0140625 0.0166667 11
2 0.0986979 0.230093 0.0286458 0.0398148 13
2 0.242448 0.422222 0.0484375 0.0759259 10
2 0.59974 0.915741 0.115104 0.164815 27
