2 0.844531 0.431944 0.0640625 0.0527778 42
2 0.151562 0.206481 0.025 0.0296296 3
2 0.466406 0.91713 0.103646 0.158333 33
2 0.192188 0.370833 0.0395833 0.0527778 4
2 0.129427 0.273148 0.0317708 0.0444444 13
2 0.298958 0.523611 0.071875 0.0768519 8
2 0.276042 0.262963 0.0322917 0.0314815 5
2 0.217708 0.274537 0.0291667 0.0361111 2
2 0.491146 0.777315 0.115625 0.163889 10
2 0.211719 0.215741 0.0328125 0.0351852 43
2 0.253125 0.243519 0.0322917 0.037037 7
2 0.0736979 0.1 0.0151042 0.0166667 46
2 0.141146 0.160185 0.0208333 0.0240741 9
2 0.130729 0.149537 0.0208333 0.0231481 50
2 0.177083 0.191667 0.0239583 0.0277778 15
