2 0.942187 0.468056 0.0833333 0.0675926 1
2 0.302083 0.368519 0.0427083 0.0444444 3
2 0.313802 0.524537 0.0609375 0.087963 29
2 0.276042 0.2625 0.03125 0.0324074 5
2 0.42526 0.490278 0.0557292 0.0675926 2
2 0.124479 0.273611 0.03125 0.0398148 4
2 0.169271 0.434259 0.0447917 0.062963 33
2 0.252604 0.243056 0.0322917 0.0361111 7
2 0.211458 0.215741 0.0333333 0.0351852 15
2 0.0989583 0.227315 0.028125 0.037963 13
2 0.281771 0.626852 0.0708333 0.131481 26
2 0.140885 0.160185 0.0203125 0.0240741 9
2 0.166406 0.328704 0.0390625 0.0481481 8
