2 0.697917 0.787963 0.1 0.111111 2
2 0.516927 0.594907 0.0744792 0.0768519 3
2 0.707812 0.651852 0.0833333 0.0962963 1
2 0.115104 0.260648 0.0302083 0.037963 4
2 0.27526 0.262963 0.0328125 0.0314815 5
2 0.21224 0.518056 0.0567708 0.0787037 6
2 0.252344 0.243056 0.0317708 0.037963 7
2 0.141927 0.289815 0.0359375 0.0407407 8
2 0.0981771 0.225926 0.0265625 0.0333333 13
2 0.166667 0.322685 0.04375 0.0601852 10
2 0.153646 0.170833 0.01875 0.025 12
2 0.140625 0.160185 0.0208333 0.0240741 9
2 0.0731771 0.1 0.0151042 0.0166667 11
2 0.176302 0.191667 0.0244792 0.0277778 15
