2 0.679167 0.768981 0.0958333 0.106481 2
2 0.498437 0.574537 0.0708333 0.0731481 3
2 0.695573 0.625463 0.0671875 0.0953704 1
2 0.220573 0.531019 0.0578125 0.0805556 6
2 0.114844 0.261111 0.0307292 0.037037 4
2 0.275 0.262963 0.0322917 0.0314815 5
2 0.252604 0.243056 0.0333333 0.037963 7
2 0.141927 0.290741 0.0369792 0.0425926 8
2 0.0976562 0.225463 0.0265625 0.0324074 13
2 0.167708 0.325 0.0447917 0.0611111 10
2 0.140625 0.160185 0.0208333 0.0240741 9
2 0.0729167 0.1 0.015625 0.0166667 11
2 0.153646 0.17037 0.01875 0.0240741 12
2 0.176302 0.191667 0.0244792 0.0277778 15
