2 0.524219 0.819444 0.102604 0.159259 29
2 0.206771 0.264815 0.0302083 0.0333333 3
2 0.27474 0.614815 0.0630208 0.0962963 33
2 0.974479 0.406944 0.05 0.0472222 42
2 0.291927 0.352315 0.0380208 0.0453704 2
2 0.276042 0.2625 0.0322917 0.0324074 5
2 0.321615 0.538889 0.0734375 0.1 10
2 0.252604 0.243519 0.0322917 0.037037 7
2 0.152083 0.312037 0.034375 0.0444444 4
2 0.211719 0.215741 0.0338542 0.0351852 43
2 0.107031 0.242593 0.0317708 0.0388889 13
2 0.141146 0.160648 0.0208333 0.0231481 9
2 0.177083 0.19213 0.0239583 0.0268519 15
