2 0.540104 0.615741 0.0708333 0.0814815 2
2 0.308333 0.698611 0.0770833 0.123148 6
2 0.386719 0.457407 0.0546875 0.0555556 3
2 0.115625 0.262037 0.03125 0.0388889 4
2 0.27526 0.262963 0.0328125 0.0314815 5
2 0.14974 0.302315 0.0380208 0.0435185 8
2 0.252344 0.242593 0.0328125 0.037037 7
2 0.756771 0.516204 0.0677083 0.0768519 1
2 0.18776 0.35 0.0453125 0.0740741 10
2 0.0731771 0.1 0.0151042 0.0166667 11
2 0.153906 0.171296 0.0192708 0.0240741 12
2 0.141146 0.160648 0.0208333 0.0231481 9
2 0.0979167 0.225463 0.0260417 0.0324074 13
2 0.377604 0.612037 0.0697917 0.105556 27
2 0.176042 0.191667 0.0239583 0.0296296 15
2 0.245052 0.430556 0.0484375 0.0666667 29
