2 0.93182 0.902779 0.135888 0.162582
2 0.772407 0.870712 0.114713 0.12868
2 0.621915 0.709486 0.0928095 0.0983751
2 0.115512 0.26095 0.030473 0.0368918
2 0.17709 0.454842 0.0497862 0.0686714
2 0.275968 0.262964 0.0322106 0.0324281
2 0.252998 0.243372 0.0333746 0.0375304
2 0.141873 0.290317 0.0349416 0.0415456
2 0.141072 0.160709 0.0205584 0.0247061
2 0.0739447 0.100199 0.0141912 0.0169484
2 0.176753 0.192197 0.0237877 0.0279693
2 0.19427 0.365661 0.0357267 0.0604916
2 0.061282 0.181335 0.0255301 0.0330839
2 0.211995 0.216009 0.0326795 0.0349846
2 0.0990884 0.226222 0.026358 0.0350831
