2 0.709635 0.45463 0.0786458 0.0537037 42
2 0.275521 0.262963 0.0322917 0.0314815 5
2 0.252604 0.243056 0.0333333 0.037963 7
2 0.322656 0.546296 0.0744792 0.0981481 99
2 0.841406 0.425 0.0942708 0.0685185 86
2 0.188542 0.362037 0.04375 0.0648148 73
2 0.0979167 0.149074 0.0208333 0.0259259 55
2 0.0283854 0.0777778 0.0130208 0.0166667 2
2 0.177604 0.290741 0.040625 0.05 79
2 0.0736979 0.1 0.0140625 0.0166667 91
2 0.211458 0.215741 0.0322917 0.0351852 43
2 0.153646 0.171296 0.01875 0.0240741 15
2 0.195052 0.203704 0.0255208 0.0277778 92
2 0.0127604 0.0634259 0.0119792 0.012037 3
2 0.141146 0.160185 0.0208333 0.0240741 89
