2 0.874479 0.426389 0.0729167 0.0490741 42
2 0.276042 0.2625 0.0322917 0.0324074 5
2 0.272396 0.487963 0.0666667 0.0703704 8
2 0.235417 0.29213 0.03125 0.0398148 2
2 0.164323 0.219444 0.0255208 0.0296296 3
2 0.179688 0.352315 0.0385417 0.0490741 4
2 0.252865 0.243056 0.0317708 0.0361111 7
2 0.397917 0.84537 0.0895833 0.15 33
2 0.122917 0.263889 0.0302083 0.0425926 13
2 0.21224 0.215278 0.0338542 0.0361111 43
2 0.432031 0.69537 0.100521 0.135185 10
2 0.0736979 0.1 0.0151042 0.0166667 46
2 0.178385 0.193056 0.0255208 0.0287037 15
