2 0.344792 0.414352 0.0479167 0.0527778 3
2 0.271615 0.46713 0.0546875 0.0787037 29
2 0.276042 0.262963 0.03125 0.0314815 5
2 0.484375 0.55463 0.0635417 0.0740741 2
2 0.119271 0.26713 0.03125 0.037963 4
2 0.846354 0.4875 0.0697917 0.0583333 1
2 0.252083 0.243519 0.0322917 0.037037 7
2 0.211458 0.215741 0.0322917 0.0351852 15
2 0.228646 0.541204 0.075 0.110185 26
2 0.15599 0.311574 0.0380208 0.0453704 8
2 0.370573 0.817593 0.0921875 0.155556 6
2 0.0731771 0.100463 0.0151042 0.0157407 11
2 0.0979167 0.226389 0.0260417 0.0324074 13
2 0.433854 0.686111 0.0833333 0.124074 27
2 0.202344 0.374537 0.0494792 0.0675926 10
2 0.140885 0.161111 0.0203125 0.0240741 9
2 0.148177 0.399537 0.0390625 0.0527778 33
2 0.140885 0.160648 0.0203125 0.025 12
