2 0.710417 0.45463 0.078125 0.0537037 42
2 0.225521 0.338426 0.04375 0.0564815 79
2 0.263542 0.468056 0.05625 0.0861111 73
2 0.276302 0.2625 0.0317708 0.0324074 5
2 0.253125 0.243056 0.0333333 0.037963 7
2 0.81875 0.42963 0.0927083 0.0685185 86
2 0.116927 0.272685 0.0276042 0.037963 103
2 0.211719 0.215741 0.0328125 0.0351852 43
2 0.0169271 0.0657407 0.0119792 0.0148148 2
2 0.00338542 0.0518519 0.00677083 0.012963 3
2 0.154167 0.170833 0.01875 0.0231481 15
2 0.0744792 0.124537 0.0177083 0.0231481 55
2 0.195312 0.203704 0.0239583 0.0277778 92
2 0.177604 0.191667 0.0239583 0.0277778 104
2 0.505208 0.808796 0.119792 0.163889 99
