2 0.710417 0.45463 0.078125 0.0537037 42
2 0.276042 0.2625 0.0322917 0.0324074 5
2 0.817969 0.42963 0.0932292 0.0685185 86
2 0.253125 0.243056 0.0333333 0.037963 7
2 0.227865 0.34213 0.0432292 0.0601852 79
2 0.0734375 0.122685 0.0177083 0.0231481 55
2 0.269531 0.475463 0.0578125 0.087963 73
2 0.119531 0.276389 0.0286458 0.037963 103
2 0.211719 0.215741 0.0328125 0.0351852 43
2 0.0158854 0.0648148 0.0119792 0.0148148 2
2 0.153906 0.171296 0.0192708 0.0222222 15
2 0.521615 0.831481 0.125521 0.175926 99
2 0.177083 0.191667 0.0239583 0.0277778 104
