2 0.808594 0.774074 0.125521 0.125926 1
2 0.753646 0.85 0.1125 0.124074 2
2 0.583333 0.665741 0.0854167 0.087037 3
2 0.188281 0.473611 0.0505208 0.0712963 6
2 0.115104 0.260648 0.0302083 0.0361111 4
2 0.275781 0.2625 0.0328125 0.0324074 5
2 0.253125 0.243056 0.0333333 0.037963 7
2 0.141927 0.289815 0.0348958 0.0425926 8
2 0.279427 0.469907 0.0515625 0.0787037 20
2 0.141146 0.160185 0.0208333 0.0240741 9
2 0.0739583 0.1 0.0145833 0.0166667 11
2 0.0606771 0.180556 0.0244792 0.0314815 14
2 0.176823 0.191667 0.0244792 0.0277778 12
2 0.211458 0.215741 0.0333333 0.0351852 15
2 0.0989583 0.225463 0.0260417 0.0342593 13
2 0.194792 0.366667 0.0354167 0.0611111 10
