2 0.710417 0.45463 0.078125 0.0537037 42
2 0.22474 0.337037 0.0432292 0.0555556 79
2 0.261719 0.464815 0.0578125 0.0851852 73
2 0.276562 0.2625 0.0322917 0.0324074 5
2 0.253125 0.243056 0.0333333 0.037963 7
2 0.81901 0.428704 0.0932292 0.0685185 86
2 0.116146 0.27037 0.028125 0.0388889 103
2 0.00338542 0.0523148 0.00677083 0.0138889 3
2 0.211979 0.215741 0.0322917 0.0351852 43
2 0.50026 0.802315 0.119271 0.160185 99
2 0.0171875 0.0652778 0.0125 0.0157407 2
2 0.154167 0.170833 0.01875 0.0231481 15
2 0.194792 0.204167 0.0229167 0.0268519 92
2 0.177604 0.191667 0.0239583 0.0277778 104
2 0.0752604 0.125 0.0182292 0.0222222 55
