2 0.710156 0.45463 0.0786458 0.0537037 42
2 0.275521 0.2625 0.0322917 0.0324074 5
2 0.252604 0.243056 0.0333333 0.037963 7
2 0.102865 0.153241 0.0203125 0.0268519 55
2 0.180208 0.348148 0.0427083 0.0648148 73
2 0.169531 0.28287 0.0401042 0.0490741 79
2 0.0736979 0.1 0.0140625 0.0166667 91
2 0.0307292 0.0791667 0.0125 0.0157407 2
2 0.211458 0.215741 0.0333333 0.0351852 43
2 0.0140625 0.0643519 0.0125 0.0138889 3
2 0.845052 0.423611 0.102604 0.0675926 86
2 0.141146 0.160185 0.0208333 0.0240741 89
2 0.153906 0.171296 0.0192708 0.0240741 15
2 0.195573 0.203704 0.0265625 0.0277778 92
