2 0.709635 0.45463 0.0786458 0.0537037 42
2 0.922135 0.410648 0.0890625 0.0657407 86
2 0.275781 0.2625 0.0317708 0.0324074 5
2 0.252865 0.243519 0.0328125 0.037037 7
2 0.61849 0.940741 0.132812 0.116667 76
2 0.0427083 0.0921296 0.0145833 0.0175926 2
2 0.139583 0.290741 0.0364583 0.0537037 73
2 0.211719 0.216204 0.0317708 0.0361111 43
2 0.176042 0.191667 0.0229167 0.0277778 15
2 0.0736979 0.1 0.0140625 0.0166667 91
2 0.065625 0.183796 0.0208333 0.0268519 90
2 0.132552 0.184259 0.0234375 0.0296296 55
2 0.0270833 0.0768519 0.0135417 0.0166667 3
2 0.12526 0.24537 0.0348958 0.0425926 79
