2 0.710156 0.45463 0.0786458 0.0537037 42
2 0.276042 0.2625 0.0322917 0.0324074 5
2 0.148698 0.265741 0.0380208 0.0444444 79
2 0.878906 0.419444 0.0911458 0.0666667 86
2 0.252865 0.243519 0.0328125 0.037037 7
2 0.0361979 0.0851852 0.0140625 0.0166667 2
2 0.159635 0.318519 0.0390625 0.0592593 73
2 0.0742188 0.1 0.0140625 0.0166667 91
2 0.211719 0.215741 0.0328125 0.0351852 43
2 0.140885 0.160185 0.0203125 0.0240741 89
2 0.115625 0.166204 0.021875 0.0268519 55
2 0.259635 0.453241 0.0619792 0.0916667 99
2 0.0205729 0.0712963 0.0130208 0.012963 3
