2 0.710417 0.45463 0.078125 0.0537037 42
2 0.226302 0.339815 0.0432292 0.0574074 79
2 0.276302 0.2625 0.0317708 0.0324074 5
2 0.265104 0.47037 0.0572917 0.087037 73
2 0.253125 0.243056 0.0333333 0.037963 7
2 0.81849 0.42963 0.0932292 0.0685185 86
2 0.509896 0.813426 0.122917 0.171296 99
2 0.211719 0.215741 0.0328125 0.0351852 43
2 0.0744792 0.123611 0.0177083 0.0231481 55
2 0.0166667 0.0652778 0.0125 0.0157407 2
2 0.153906 0.171296 0.0192708 0.0222222 15
2 0.117448 0.273611 0.0276042 0.037963 103
2 0.177344 0.19213 0.0244792 0.0268519 104
2 0.194792 0.204167 0.0239583 0.0268519 92
2 0.003125 0.0518519 0.00625 0.012963 3
