2 0.485417 0.787963 0.0958333 0.137037 4
2 0.710156 0.45463 0.0776042 0.0537037 42
2 0.275781 0.262963 0.0328125 0.0314815 5
2 0.269792 0.468056 0.0520833 0.075 13
2 0.344271 0.401852 0.0479167 0.0555556 55
2 0.252865 0.243519 0.0328125 0.037037 7
2 0.108854 0.161111 0.0197917 0.0240741 2
2 0.177083 0.191667 0.0239583 0.0277778 15
2 0.084375 0.131019 0.01875 0.0212963 3
2 0.211979 0.215741 0.0322917 0.0351852 43
2 0.195312 0.204167 0.025 0.0268519 64
2 0.154167 0.171296 0.0197917 0.0222222 50
2 0.0539063 0.173148 0.0130208 0.0185185 60
