2 0.321354 0.548611 0.0677083 0.10463 73
2 0.710156 0.45463 0.0776042 0.0537037 42
2 0.13776 0.3125 0.0317708 0.0435185 103
2 0.276042 0.2625 0.0322917 0.0324074 5
2 0.815885 0.429167 0.0932292 0.0675926 86
2 0.252865 0.242593 0.0328125 0.037037 7
2 0.0643229 0.113889 0.0161458 0.0203704 55
2 0.247135 0.363426 0.0463542 0.062037 79
2 0.211719 0.215741 0.0328125 0.0351852 43
2 0.0109375 0.0592593 0.0114583 0.0148148 2
2 0.153906 0.171296 0.0192708 0.0222222 15
2 0.176823 0.19213 0.0234375 0.0268519 104
