2 0.323958 0.55787 0.0770833 0.0824074 8
2 0.815365 0.436574 0.0734375 0.0490741 42
2 0.276302 0.262963 0.0328125 0.0333333 5
2 0.135417 0.282407 0.03125 0.0462963 13
2 0.204948 0.260648 0.0276042 0.0342593 2
2 0.141927 0.195833 0.0234375 0.0268519 3
2 0.253646 0.243519 0.0322917 0.037037 7
2 0.211979 0.215741 0.0322917 0.0351852 43
2 0.198698 0.387963 0.0307292 0.0537037 4
2 0.176823 0.19213 0.0244792 0.0287037 15
2 0.551562 0.862963 0.133333 0.192593 10
2 0.10026 0.236574 0.0286458 0.0398148 52
