2 0.710417 0.45463 0.078125 0.0537037 42
2 0.276042 0.2625 0.0322917 0.0324074 5
2 0.817448 0.429167 0.0932292 0.0675926 86
2 0.252865 0.243056 0.0328125 0.037963 7
2 0.544792 0.860648 0.134375 0.193519 99
2 0.23125 0.345833 0.04375 0.0583333 79
2 0.122396 0.281944 0.0291667 0.0398148 103
2 0.276823 0.4875 0.0619792 0.0898148 73
2 0.0148437 0.0638889 0.0119792 0.0148148 2
2 0.0713542 0.120833 0.0177083 0.0212963 55
2 0.211458 0.215741 0.0333333 0.0351852 43
2 0.153906 0.171296 0.0192708 0.0222222 15
2 0.177083 0.19213 0.0239583 0.0268519 104
