2 0.709896 0.45463 0.078125 0.0537037 42
2 0.417187 0.682407 0.096875 0.131481 99
2 0.275521 0.262963 0.0322917 0.0314815 5
2 0.252604 0.243056 0.0333333 0.037963 7
2 0.0825521 0.134259 0.0182292 0.0222222 55
2 0.211458 0.215278 0.0333333 0.0361111 43
2 0.823177 0.426852 0.0921875 0.0648148 86
2 0.206771 0.319444 0.0416667 0.0555556 79
2 0.0208333 0.0699074 0.0125 0.0157407 2
2 0.103125 0.247685 0.0260417 0.0361111 103
2 0.153906 0.171296 0.0192708 0.0240741 15
2 0.140885 0.160185 0.0213542 0.0240741 89
