2 0.293229 0.510185 0.0635417 0.0944444 73
2 0.710417 0.45463 0.078125 0.0537037 42
2 0.276042 0.2625 0.0322917 0.0324074 5
2 0.816406 0.42963 0.0932292 0.0666667 86
2 0.252865 0.243056 0.0328125 0.037963 7
2 0.592708 0.906944 0.15 0.180556 99
2 0.127865 0.293519 0.0296875 0.0425926 103
2 0.0684896 0.118519 0.0171875 0.0222222 55
2 0.2375 0.353241 0.0447917 0.0601852 79
2 0.211458 0.215741 0.0333333 0.0351852 43
2 0.153906 0.171296 0.0192708 0.0222222 15
2 0.0130208 0.0615741 0.0114583 0.0138889 2
2 0.177083 0.191667 0.0239583 0.0277778 104
