2 0.341406 0.410185 0.0473958 0.05 3
2 0.849219 0.487963 0.0776042 0.0685185 1
2 0.479948 0.550463 0.0630208 0.0731481 2
2 0.276042 0.262963 0.03125 0.0314815 5
2 0.119792 0.26713 0.03125 0.037963 4
2 0.43776 0.693056 0.0817708 0.125 27
2 0.274219 0.471296 0.0557292 0.0796296 29
2 0.15651 0.313426 0.0380208 0.0453704 8
2 0.376563 0.829167 0.0947917 0.156481 6
2 0.252083 0.243519 0.0322917 0.037037 7
2 0.211719 0.216204 0.0328125 0.0361111 15
2 0.149219 0.401389 0.0401042 0.0546296 33
2 0.140885 0.160185 0.0203125 0.0240741 12
2 0.203646 0.376389 0.0489583 0.0694444 10
