2 0.710417 0.454167 0.078125 0.0546296 42
2 0.470052 0.747222 0.0921875 0.133333 13
2 0.235937 0.289815 0.034375 0.0425926 55
2 0.0799479 0.129167 0.0161458 0.0212963 2
2 0.276302 0.2625 0.0328125 0.0324074 5
2 0.0617188 0.109722 0.0171875 0.0194444 3
2 0.253125 0.243519 0.0333333 0.0388889 7
2 0.211979 0.215741 0.0322917 0.037037 43
2 0.127344 0.268056 0.0359375 0.0490741 73
2 0.177604 0.191667 0.025 0.0277778 15
2 0.0625 0.186574 0.0260417 0.0324074 67
2 0.195052 0.20463 0.0244792 0.0277778 64
2 0.154427 0.170833 0.0192708 0.0231481 50
