2 0.464062 0.91713 0.142708 0.158333 26
2 0.481771 0.756944 0.09375 0.147222 29
2 0.21849 0.277778 0.0307292 0.0351852 3
2 0.276042 0.2625 0.0322917 0.0324074 5
2 0.307031 0.368056 0.0401042 0.0472222 2
2 0.254688 0.578241 0.059375 0.087963 33
2 0.252604 0.243519 0.0333333 0.037037 7
2 0.146615 0.304167 0.0338542 0.0435185 4
2 0.989844 0.405093 0.0192708 0.037963 42
2 0.141146 0.160648 0.0208333 0.0231481 9
2 0.10599 0.239815 0.0296875 0.0388889 13
2 0.303906 0.513889 0.0692708 0.0925926 10
2 0.177344 0.192593 0.0234375 0.0259259 15
