2 0.464323 0.537037 0.0661458 0.0666667 3
2 0.639062 0.723148 0.0885417 0.1 2
2 0.115365 0.261111 0.0307292 0.037037 4
2 0.27526 0.262963 0.0328125 0.0314815 5
2 0.240104 0.566204 0.0614583 0.087963 6
2 0.694271 0.58287 0.05 0.0861111 1
2 0.14375 0.291667 0.0375 0.0425926 8
2 0.252604 0.243519 0.0333333 0.037037 7
2 0.172135 0.331019 0.0453125 0.0601852 10
2 0.303906 0.512037 0.0578125 0.0833333 27
2 0.0981771 0.225926 0.0265625 0.0333333 13
2 0.140625 0.160185 0.0208333 0.0240741 9
2 0.153906 0.170833 0.0192708 0.025 12
2 0.0729167 0.1 0.015625 0.0166667 11
2 0.176563 0.19213 0.0239583 0.0287037 15
