2 0.710417 0.45463 0.078125 0.0537037 42
2 0.298177 0.505556 0.0578125 0.0814815 13
2 0.276042 0.262037 0.0322917 0.0333333 5
2 0.317708 0.375 0.0447917 0.0537037 55
2 0.0802083 0.125926 0.0177083 0.0203704 3
2 0.102344 0.153241 0.0192708 0.0231481 2
2 0.253125 0.243519 0.0333333 0.0388889 7
2 0.211719 0.215741 0.0328125 0.037037 43
2 0.177344 0.19213 0.0234375 0.0268519 15
2 0.195573 0.204167 0.0244792 0.0268519 64
2 0.554427 0.886574 0.113021 0.163889 4
2 0.154427 0.171296 0.0203125 0.0222222 50
