2 0.922135 0.471759 0.0838542 0.0675926 1
2 0.309896 0.376389 0.04375 0.0453704 3
2 0.276302 0.2625 0.0317708 0.0324074 5
2 0.452083 0.937037 0.113542 0.122222 6
2 0.305208 0.511574 0.059375 0.0861111 29
2 0.436458 0.503241 0.0572917 0.0657407 2
2 0.165365 0.426852 0.0442708 0.0611111 33
2 0.123958 0.272222 0.03125 0.0388889 4
2 0.211979 0.215741 0.0333333 0.0351852 15
2 0.252604 0.243056 0.0322917 0.0361111 7
2 0.220052 0.397685 0.0526042 0.0731481 10
2 0.164844 0.325926 0.0390625 0.0462963 8
2 0.0989583 0.226852 0.028125 0.037037 13
2 0.140885 0.160185 0.0203125 0.0240741 9
