2 0.425 0.67963 0.08125 0.124074 29
2 0.236719 0.298611 0.0338542 0.037963 3
2 0.225781 0.535185 0.0546875 0.0703704 33
2 0.277344 0.478704 0.0651042 0.087037 10
2 0.332813 0.395833 0.0427083 0.0490741 2
2 0.190104 0.374537 0.0416667 0.0527778 8
2 0.275521 0.262963 0.0322917 0.0314815 5
2 0.252083 0.243519 0.0322917 0.037037 7
2 0.0731771 0.1 0.0140625 0.0166667 11
2 0.103125 0.234722 0.028125 0.037963 13
2 0.140625 0.160185 0.0208333 0.0240741 9
2 0.138281 0.293981 0.0328125 0.0435185 4
2 0.179167 0.193981 0.0197917 0.0268519 15
