2 0.713021 0.453704 0.0770833 0.0537037 42
2 0.389844 0.647222 0.0744792 0.103704 4
2 0.275781 0.2625 0.0328125 0.0324074 5
2 0.0427083 0.123611 0.0229167 0.0231481 57
2 0.0643229 0.185185 0.0265625 0.0351852 60
2 0.252865 0.243519 0.0328125 0.037037 7
2 0.122917 0.175 0.0208333 0.0259259 2
2 0.0929688 0.140741 0.0182292 0.0203704 3
2 0.404687 0.466204 0.053125 0.0638889 55
2 0.176563 0.191667 0.0239583 0.0277778 15
2 0.211979 0.215741 0.0322917 0.0351852 43
2 0.154167 0.171296 0.0197917 0.0222222 50
2 0.147396 0.302778 0.0375 0.0518519 52
