2 0.710156 0.45463 0.0786458 0.0537037 42
2 0.275781 0.2625 0.0328125 0.0324074 5
2 0.252604 0.243056 0.0333333 0.037963 7
2 0.0328125 0.0814815 0.0125 0.0166667 2
2 0.107813 0.159259 0.021875 0.0259259 55
2 0.161458 0.276389 0.0395833 0.0490741 79
2 0.0736979 0.1 0.0140625 0.0166667 91
2 0.859375 0.421759 0.09375 0.0675926 86
2 0.171875 0.334259 0.040625 0.0648148 73
2 0.211719 0.215741 0.0328125 0.0351852 43
2 0.0169271 0.0675926 0.0119792 0.0148148 3
2 0.153906 0.171296 0.0192708 0.0240741 15
2 0.285677 0.493519 0.0661458 0.087037 99
2 0.195312 0.203704 0.0260417 0.0277778 92
2 0.140885 0.160185 0.0213542 0.0240741 89
