2 0.970313 0.408796 0.0583333 0.0472222 42
2 0.28125 0.625926 0.0645833 0.0981481 33
2 0.538802 0.839815 0.105729 0.164815 29
2 0.286979 0.347685 0.0375 0.0453704 2
2 0.328125 0.547685 0.075 0.0990741 10
2 0.203385 0.261574 0.0286458 0.0342593 3
2 0.276042 0.2625 0.0322917 0.0324074 5
2 0.153125 0.313889 0.034375 0.0444444 4
2 0.252604 0.243519 0.0322917 0.037037 7
2 0.111979 0.251852 0.025 0.0259259 13
2 0.211719 0.215741 0.0338542 0.0351852 43
2 0.141146 0.160648 0.0208333 0.0231481 9
2 0.176823 0.19213 0.0234375 0.0268519 15
