2 0.710417 0.45463 0.078125 0.0537037 42
2 0.276302 0.2625 0.0328125 0.0324074 5
2 0.359635 0.608333 0.0765625 0.112963 76
2 0.253125 0.243519 0.0333333 0.0388889 7
2 0.0583333 0.108796 0.015625 0.0175926 2
2 0.0432292 0.0916667 0.0145833 0.0166667 3
2 0.211719 0.215741 0.0338542 0.0351852 43
2 0.173177 0.224074 0.0265625 0.0351852 55
2 0.176823 0.191667 0.0244792 0.0277778 15
2 0.109115 0.250463 0.0380208 0.0472222 73
2 0.154167 0.170833 0.01875 0.0231481 50
2 0.165625 0.32037 0.0427083 0.0611111 81
