2 0.734896 0.451389 0.0760417 0.0509259 42
2 0.565885 0.639815 0.0817708 0.0944444 55
2 0.285417 0.500463 0.0552083 0.0731481 4
2 0.276042 0.2625 0.0322917 0.0324074 5
2 0.152083 0.206019 0.0229167 0.0287037 2
2 0.253125 0.243519 0.0333333 0.037037 7
2 0.0773438 0.12037 0.0328125 0.0203704 57
2 0.107552 0.158333 0.0203125 0.0222222 3
2 0.176563 0.34213 0.0385417 0.0527778 13
2 0.493229 0.795833 0.119792 0.136111 8
2 0.211719 0.215741 0.0328125 0.0351852 43
2 0.177344 0.19213 0.0244792 0.0287037 15
2 0.0596354 0.175463 0.0223958 0.0324074 60
2 0.122396 0.268056 0.034375 0.0453704 52
2 0.140885 0.160648 0.0203125 0.0231481 62
