2 0.985156 0.403704 0.0286458 0.0444444 42
2 0.215104 0.274537 0.0302083 0.0342593 3
2 0.276042 0.2625 0.0322917 0.0324074 5
2 0.302083 0.363889 0.0395833 0.0462963 2
2 0.49375 0.776389 0.0958333 0.147222 29
2 0.259896 0.5875 0.0604167 0.0898148 33
2 0.472917 0.918519 0.135417 0.155556 26
2 0.252865 0.243056 0.0338542 0.037963 7
2 0.148438 0.306481 0.034375 0.0425926 4
2 0.308594 0.518519 0.0713542 0.0981481 10
2 0.10599 0.241204 0.0307292 0.037963 13
2 0.140885 0.160648 0.0213542 0.0231481 9
2 0.177344 0.192593 0.0234375 0.0259259 15
