2 0.323177 0.724537 0.0817708 0.128704 6
2 0.525781 0.6 0.0692708 0.0796296 2
2 0.376042 0.446759 0.053125 0.0546296 3
2 0.27526 0.262963 0.0328125 0.0314815 5
2 0.116406 0.262963 0.0317708 0.0388889 4
2 0.151042 0.304167 0.0385417 0.0435185 8
2 0.251823 0.242593 0.0328125 0.037037 7
2 0.251302 0.439815 0.0505208 0.0722222 29
2 0.0731771 0.1 0.0151042 0.0166667 11
2 0.390104 0.628704 0.071875 0.109259 27
2 0.153646 0.170833 0.0197917 0.025 12
2 0.140885 0.160648 0.0203125 0.0231481 9
2 0.0979167 0.225463 0.0260417 0.0324074 13
2 0.175521 0.191667 0.0239583 0.0296296 15
