2 0.726302 0.452778 0.0765625 0.0518519 42
2 0.51276 0.580556 0.0734375 0.0833333 55
2 0.308333 0.533333 0.0604167 0.0759259 4
2 0.276042 0.2625 0.0322917 0.0324074 5
2 0.0651042 0.121759 0.0322917 0.0194444 57
2 0.143229 0.197222 0.021875 0.0277778 2
2 0.252865 0.243519 0.0328125 0.037037 7
2 0.0604167 0.178241 0.0229167 0.0324074 60
2 0.102865 0.153241 0.0192708 0.0212963 3
2 0.211719 0.215741 0.0328125 0.0351852 43
2 0.176823 0.19213 0.0244792 0.0287037 15
2 0.188802 0.358333 0.0401042 0.0555556 13
2 0.196094 0.204167 0.0265625 0.0268519 50
