2 0.332552 0.565278 0.0703125 0.110185 73
2 0.710156 0.454167 0.0776042 0.0546296 42
2 0.815885 0.429167 0.0932292 0.0675926 86
2 0.276042 0.262963 0.0322917 0.0314815 5
2 0.141927 0.32037 0.0317708 0.0444444 103
2 0.252865 0.243981 0.0328125 0.0361111 7
2 0.211198 0.215741 0.0328125 0.0351852 43
2 0.25 0.366667 0.0458333 0.062963 79
2 0.0630208 0.113889 0.0166667 0.0203704 55
2 0.140625 0.159722 0.0197917 0.025 89
2 0.176042 0.191204 0.0229167 0.0287037 104
2 0.00989583 0.0592593 0.0114583 0.0148148 2
2 0.153385 0.170833 0.0182292 0.025 15
2 0.195312 0.203241 0.025 0.0287037 92
