2 0.871354 0.83287 0.142708 0.141667 1
2 0.765365 0.862963 0.114062 0.127778 2
2 0.604688 0.689352 0.0895833 0.0935185 3
2 0.115365 0.260185 0.0307292 0.037037 4
2 0.182552 0.462037 0.0526042 0.0685185 6
2 0.275521 0.262963 0.0322917 0.0314815 5
2 0.252604 0.243056 0.0333333 0.037963 7
2 0.19401 0.365741 0.0348958 0.0611111 10
2 0.141667 0.290278 0.034375 0.0416667 8
2 0.0606771 0.180093 0.0244792 0.0305556 14
2 0.0736979 0.1 0.0140625 0.0166667 11
2 0.176302 0.191204 0.0234375 0.0287037 12
2 0.211198 0.215278 0.0328125 0.0342593 15
2 0.140885 0.160185 0.0203125 0.0240741 9
2 0.0984375 0.225926 0.0260417 0.0333333 13
