2 0.709896 0.45463 0.078125 0.0537037 42
2 0.0361979 0.0856481 0.0140625 0.0175926 3
2 0.275781 0.2625 0.0328125 0.0324074 5
2 0.153906 0.206019 0.0255208 0.0324074 55
2 0.252865 0.243056 0.0338542 0.037963 7
2 0.122396 0.265278 0.0333333 0.0472222 73
2 0.0510417 0.100463 0.0145833 0.0175926 2
2 0.967969 0.399537 0.0630208 0.0657407 86
2 0.211458 0.215741 0.0333333 0.0351852 43
2 0.05625 0.173611 0.0177083 0.0212963 90
2 0.446094 0.736111 0.0994792 0.146296 76
2 0.0731771 0.099537 0.0151042 0.0175926 91
2 0.102604 0.224537 0.0322917 0.0398148 79
2 0.141146 0.160648 0.0208333 0.0231481 89
