2 0.709375 0.45463 0.078125 0.0537037 42
2 0.252344 0.243056 0.0328125 0.037963 7
2 0.275521 0.2625 0.0322917 0.0324074 5
2 0.158854 0.275 0.0385417 0.0481481 79
2 0.169531 0.333333 0.0411458 0.0611111 73
2 0.0328125 0.0824074 0.0125 0.0166667 2
2 0.86276 0.421296 0.0911458 0.0685185 86
2 0.0736979 0.099537 0.0140625 0.0175926 91
2 0.108073 0.160185 0.0213542 0.0259259 55
2 0.0166667 0.0675926 0.0125 0.0148148 3
2 0.211198 0.215741 0.0328125 0.0351852 43
2 0.153385 0.171296 0.0182292 0.0240741 15
2 0.140625 0.160185 0.0208333 0.0240741 89
2 0.28125 0.487037 0.0645833 0.0851852 99
