2 0.709896 0.45463 0.078125 0.0537037 42
2 0.940365 0.408796 0.0880208 0.0657407 86
2 0.275521 0.2625 0.0322917 0.0324074 5
2 0.252344 0.243519 0.0338542 0.0388889 7
2 0.558854 0.898611 0.13125 0.197222 76
2 0.0447917 0.0958333 0.0145833 0.0175926 2
2 0.0609375 0.179167 0.021875 0.0287037 90
2 0.211458 0.215741 0.0333333 0.0351852 43
2 0.176042 0.192593 0.0229167 0.0277778 15
2 0.138542 0.190278 0.0239583 0.0324074 55
2 0.133333 0.282407 0.0354167 0.05 73
2 0.0731771 0.1 0.0151042 0.0166667 91
2 0.0294271 0.0791667 0.0130208 0.0157407 3
2 0.117448 0.238426 0.0338542 0.0416667 79
