2 0.966146 0.410185 0.0666667 0.0481481 42
2 0.2875 0.638426 0.0666667 0.100926 33
2 0.553646 0.860648 0.109375 0.171296 29
2 0.334635 0.555556 0.0765625 0.101852 10
2 0.283073 0.342593 0.0369792 0.0444444 2
2 0.200521 0.25787 0.0291667 0.0324074 3
2 0.276042 0.2625 0.0322917 0.0324074 5
2 0.252865 0.243519 0.0328125 0.037037 7
2 0.211979 0.215741 0.0333333 0.0351852 43
2 0.155469 0.316667 0.0348958 0.0444444 4
2 0.108854 0.247685 0.0322917 0.0361111 13
2 0.141146 0.160648 0.0208333 0.0231481 9
