2 0.93776 0.47037 0.0838542 0.0648148 1
2 0.303385 0.37037 0.0432292 0.0444444 3
2 0.275781 0.2625 0.0317708 0.0324074 5
2 0.427083 0.492593 0.0552083 0.0666667 2
2 0.311979 0.521759 0.0604167 0.0861111 29
2 0.124479 0.273148 0.03125 0.0388889 4
2 0.464062 0.954167 0.101042 0.0898148 6
2 0.168229 0.43287 0.0447917 0.062037 33
2 0.211458 0.216204 0.0333333 0.0361111 15
2 0.252344 0.243519 0.0328125 0.037037 7
2 0.0986979 0.228241 0.0276042 0.037963 13
2 0.514323 0.799537 0.0953125 0.147222 27
2 0.279687 0.623611 0.0708333 0.130556 26
2 0.165885 0.328241 0.0390625 0.0472222 8
2 0.140885 0.160648 0.0203125 0.025 9
2 0.0734375 0.1 0.0145833 0.0166667 11
