2 0.710156 0.45463 0.0776042 0.0537037 42
2 0.275781 0.2625 0.0328125 0.0324074 5
2 0.86901 0.42037 0.0911458 0.0666667 86
2 0.252604 0.243056 0.0333333 0.037963 7
2 0.155729 0.27037 0.0385417 0.0481481 79
2 0.166146 0.326852 0.040625 0.0611111 73
2 0.0341146 0.0833333 0.0130208 0.0166667 2
2 0.01875 0.0685185 0.0125 0.0148148 3
2 0.111198 0.1625 0.0213542 0.0268519 55
2 0.0736979 0.099537 0.0151042 0.0175926 91
2 0.211719 0.215278 0.0328125 0.0361111 43
2 0.275 0.476389 0.0625 0.0842593 99
2 0.153906 0.170833 0.0192708 0.0231481 15
2 0.140885 0.160648 0.0213542 0.0231481 89
