2 0.709896 0.454167 0.078125 0.0546296 42
2 0.275781 0.2625 0.0328125 0.0324074 5
2 0.252865 0.243056 0.0338542 0.037963 7
2 0.605208 0.924537 0.153125 0.147222 76
2 0.135417 0.187037 0.0239583 0.0296296 55
2 0.929948 0.410185 0.0890625 0.0648148 86
2 0.136719 0.286574 0.0359375 0.0527778 73
2 0.04375 0.0935185 0.0145833 0.0166667 2
2 0.121615 0.24213 0.0338542 0.0435185 79
2 0.211198 0.215741 0.0328125 0.0351852 43
2 0.0640625 0.181944 0.021875 0.0268519 90
2 0.176302 0.19213 0.0223958 0.0268519 15
2 0.0286458 0.0791667 0.0135417 0.0157407 3
2 0.0731771 0.1 0.0151042 0.0166667 91
