2 0.852865 0.42963 0.0734375 0.0518519 42
2 0.224479 0.281019 0.0302083 0.037963 2
2 0.127083 0.269444 0.03125 0.0425926 13
2 0.276042 0.262963 0.0322917 0.0333333 5
2 0.28776 0.508333 0.0692708 0.0740741 8
2 0.466406 0.743519 0.107813 0.15 10
2 0.15625 0.210648 0.0260417 0.0287037 3
2 0.439323 0.915278 0.102604 0.163889 33
2 0.18724 0.3625 0.0401042 0.0509259 4
2 0.211719 0.215741 0.0328125 0.0351852 43
2 0.253125 0.243519 0.0322917 0.037037 7
2 0.176823 0.191667 0.0244792 0.0277778 15
2 0.0736979 0.1 0.0151042 0.0166667 46
2 0.141146 0.160185 0.0208333 0.0240741 9
