2 0.810156 0.905556 0.136979 0.151852 55
2 0.276302 0.2625 0.0328125 0.0324074 5
2 0.775 0.443056 0.0729167 0.0527778 42
2 0.15 0.302315 0.0333333 0.0490741 13
2 0.253125 0.243519 0.0333333 0.0388889 7
2 0.125781 0.178241 0.0223958 0.0268519 3
2 0.38099 0.635648 0.0901042 0.0990741 8
2 0.182031 0.236111 0.0255208 0.0314815 2
2 0.177083 0.19213 0.0239583 0.0287037 15
2 0.238281 0.430093 0.0348958 0.0509259 4
2 0.109375 0.121759 0.0322917 0.0175926 57
2 0.211979 0.215741 0.0322917 0.0351852 43
2 0.198958 0.20787 0.0270833 0.0287037 50
