2 0.270833 0.606481 0.0614583 0.0944444 33
2 0.977604 0.405093 0.04375 0.0490741 42
2 0.515104 0.806944 0.101042 0.156481 29
2 0.276042 0.2625 0.0322917 0.0324074 5
2 0.209115 0.268519 0.0296875 0.0351852 3
2 0.294531 0.355093 0.0380208 0.0453704 2
2 0.151042 0.310648 0.034375 0.0435185 4
2 0.252604 0.243519 0.0322917 0.037037 7
2 0.107031 0.24213 0.0307292 0.0398148 13
2 0.31849 0.532407 0.0734375 0.1 10
2 0.211719 0.215741 0.0338542 0.0351852 43
2 0.141146 0.160648 0.0208333 0.0231481 9
2 0.178125 0.193056 0.0239583 0.0268519 15
