2 0.574479 0.912963 0.11875 0.168519 4
2 0.710417 0.45463 0.078125 0.0537037 42
2 0.305729 0.516204 0.0583333 0.0824074 13
2 0.0791667 0.125 0.0177083 0.0203704 3
2 0.276042 0.262037 0.0322917 0.0333333 5
2 0.311719 0.368056 0.0432292 0.0527778 55
2 0.101302 0.152315 0.0192708 0.0231481 2
2 0.253125 0.243519 0.0333333 0.0388889 7
2 0.211719 0.215741 0.0328125 0.037037 43
2 0.177344 0.19213 0.0234375 0.0268519 15
2 0.0546875 0.175 0.0177083 0.0222222 67
2 0.0739583 0.099537 0.0135417 0.0175926 68
