2 0.532813 0.607407 0.0697917 0.0814815 2
2 0.315104 0.711574 0.078125 0.126852 6
2 0.381771 0.451389 0.0520833 0.0546296 3
2 0.115885 0.2625 0.0317708 0.037963 4
2 0.27526 0.262963 0.0328125 0.0314815 5
2 0.251823 0.242593 0.0328125 0.037037 7
2 0.15 0.303241 0.0385417 0.0435185 8
2 0.0731771 0.1 0.0151042 0.0166667 11
2 0.153646 0.170833 0.0197917 0.025 12
2 0.0979167 0.225463 0.0260417 0.0324074 13
2 0.140625 0.160648 0.0208333 0.0231481 9
2 0.188802 0.356481 0.0453125 0.0666667 10
2 0.247917 0.435185 0.05 0.0722222 29
2 0.175521 0.191667 0.0239583 0.0296296 15
