2 0.289844 0.663426 0.0744792 0.113889 6
2 0.560937 0.638889 0.075 0.087037 2
2 0.402604 0.474537 0.0552083 0.0583333 3
2 0.115625 0.261574 0.0302083 0.037963 4
2 0.27526 0.262963 0.0328125 0.0314815 5
2 0.252344 0.242593 0.0328125 0.037037 7
2 0.147656 0.299074 0.0380208 0.0444444 8
2 0.739323 0.525926 0.0651042 0.0777778 1
2 0.0731771 0.1 0.0151042 0.0166667 11
2 0.359635 0.587963 0.0661458 0.101852 27
2 0.153906 0.171296 0.0192708 0.0240741 12
2 0.141146 0.160648 0.0208333 0.0231481 9
2 0.0979167 0.225463 0.0260417 0.0324074 13
2 0.175781 0.191667 0.0234375 0.0296296 15
