2 0.506771 0.818981 0.101042 0.143519 4
2 0.710156 0.45463 0.0776042 0.0537037 42
2 0.278906 0.480556 0.0536458 0.0759259 13
2 0.334635 0.393056 0.0463542 0.0546296 55
2 0.106771 0.159259 0.01875 0.0222222 2
2 0.275781 0.262963 0.0328125 0.0314815 5
2 0.252865 0.243519 0.0328125 0.037037 7
2 0.177083 0.191667 0.0239583 0.0277778 15
2 0.0828125 0.128704 0.0177083 0.0222222 3
2 0.211979 0.215741 0.0322917 0.0351852 43
2 0.154167 0.171296 0.0197917 0.0222222 50
2 0.195312 0.204167 0.025 0.0268519 64
