2 0.657292 0.743056 0.0916667 0.102778 2
2 0.479427 0.553704 0.0682292 0.0703704 3
2 0.231771 0.547222 0.059375 0.0833333 6
2 0.115365 0.261111 0.0307292 0.037037 4
2 0.27526 0.262963 0.0328125 0.0314815 5
2 0.691667 0.600463 0.053125 0.0898148 1
2 0.252865 0.243519 0.0328125 0.037037 7
2 0.142969 0.291667 0.0369792 0.0425926 8
2 0.170313 0.327315 0.0447917 0.0601852 10
2 0.0981771 0.225926 0.0265625 0.0333333 13
2 0.153906 0.170833 0.0192708 0.025 12
2 0.0731771 0.1 0.0151042 0.0166667 11
2 0.140625 0.160185 0.0208333 0.0240741 9
2 0.176302 0.191667 0.0234375 0.0277778 15
