2 0.710417 0.454167 0.078125 0.0546296 42
2 0.276302 0.262037 0.0328125 0.0333333 5
2 0.325781 0.55787 0.0703125 0.100926 76
2 0.253646 0.243519 0.0322917 0.037037 7
2 0.0625 0.112963 0.015625 0.0185185 2
2 0.177344 0.191667 0.0244792 0.0277778 15
2 0.211719 0.215741 0.0328125 0.0351852 43
2 0.10625 0.243519 0.03125 0.0444444 73
2 0.0466146 0.0949074 0.0151042 0.0175926 3
2 0.196354 0.20463 0.0260417 0.0277778 64
2 0.157292 0.310185 0.040625 0.0555556 81
2 0.184375 0.237037 0.028125 0.037037 55
2 0.154167 0.170833 0.01875 0.0231481 50
