2 0.323698 0.552778 0.0682292 0.105556 73
2 0.710156 0.45463 0.0776042 0.0537037 42
2 0.276042 0.2625 0.0322917 0.0324074 5
2 0.139063 0.314815 0.03125 0.0425926 103
2 0.815885 0.429167 0.0932292 0.0675926 86
2 0.253125 0.243056 0.0333333 0.037963 7
2 0.0638021 0.113889 0.0161458 0.0203704 55
2 0.211458 0.215741 0.0333333 0.0351852 43
2 0.247917 0.363889 0.0458333 0.062963 79
2 0.153906 0.171296 0.0192708 0.0222222 15
2 0.0106771 0.0592593 0.0109375 0.0148148 2
2 0.177083 0.19213 0.0239583 0.0268519 104
