2 0.710677 0.45463 0.0786458 0.0537037 42
2 0.276823 0.2625 0.0328125 0.0324074 5
2 0.253385 0.243056 0.0328125 0.037963 7
2 0.0661458 0.116667 0.0166667 0.0185185 2
2 0.211979 0.215741 0.0322917 0.0351852 43
2 0.05 0.0986111 0.015625 0.0175926 3
2 0.194271 0.246759 0.0291667 0.0361111 55
2 0.177344 0.191667 0.0244792 0.0277778 15
2 0.105729 0.246296 0.0260417 0.0259259 79
2 0.302865 0.524537 0.0630208 0.0898148 76
2 0.195573 0.204167 0.0255208 0.0268519 64
2 0.154427 0.17037 0.0192708 0.0240741 50
