2 0.710417 0.454167 0.078125 0.0546296 42
2 0.275781 0.2625 0.0328125 0.0324074 5
2 0.252865 0.243519 0.0328125 0.0388889 7
2 0.0591146 0.109722 0.0151042 0.0175926 2
2 0.349219 0.593519 0.0744792 0.107407 76
2 0.175781 0.228241 0.0276042 0.0342593 55
2 0.04375 0.0925926 0.0145833 0.0166667 3
2 0.211458 0.215741 0.0333333 0.0351852 43
2 0.111979 0.256019 0.0291667 0.0305556 79
2 0.176563 0.19213 0.0239583 0.0287037 15
2 0.109115 0.249074 0.0328125 0.0425926 73
2 0.163542 0.318519 0.0427083 0.0592593 81
2 0.153906 0.170833 0.0192708 0.0231481 50
