2 0.709635 0.454167 0.0776042 0.0546296 42
2 0.275521 0.2625 0.0322917 0.0324074 5
2 0.927865 0.410185 0.0890625 0.0648148 86
2 0.252344 0.243056 0.0338542 0.037963 7
2 0.0432292 0.0930556 0.0145833 0.0175926 2
2 0.0643229 0.18287 0.0213542 0.0268519 90
2 0.136979 0.2875 0.0364583 0.0527778 73
2 0.134635 0.186111 0.0234375 0.0296296 55
2 0.176042 0.19213 0.0229167 0.0287037 15
2 0.122135 0.243056 0.0338542 0.0435185 79
2 0.211198 0.216204 0.0328125 0.0361111 43
2 0.608854 0.929167 0.145833 0.137963 76
2 0.0731771 0.1 0.0151042 0.0166667 91
2 0.028125 0.0791667 0.0135417 0.0157407 3
