2 0.694531 0.618519 0.0651042 0.0925926 1
2 0.223177 0.535185 0.0588542 0.0814815 6
2 0.672656 0.760648 0.0942708 0.106481 2
2 0.492708 0.568981 0.0697917 0.0712963 3
2 0.115104 0.261111 0.0302083 0.037037 4
2 0.27526 0.262963 0.0328125 0.0314815 5
2 0.252604 0.243056 0.0333333 0.037963 7
2 0.0979167 0.225463 0.0260417 0.0324074 13
2 0.142187 0.290741 0.0364583 0.0425926 8
2 0.140625 0.160185 0.0208333 0.0240741 9
2 0.153646 0.17037 0.01875 0.0240741 12
2 0.0729167 0.1 0.015625 0.0166667 11
2 0.176302 0.191667 0.0244792 0.0277778 15
2 0.207292 0.380556 0.0427083 0.0648148 10
