2 0.348177 0.417593 0.0484375 0.0518519 3
2 0.488802 0.560185 0.0640625 0.0740741 2
2 0.27526 0.262963 0.0328125 0.0314815 5
2 0.251823 0.242593 0.0328125 0.037037 7
2 0.364323 0.806019 0.0911458 0.150926 6
2 0.147135 0.396759 0.0380208 0.0546296 33
2 0.269271 0.463426 0.053125 0.0768519 29
2 0.15599 0.311111 0.0380208 0.0444444 8
2 0.227344 0.539352 0.0744792 0.110185 26
2 0.0731771 0.1 0.0151042 0.0166667 11
2 0.0979167 0.225463 0.0260417 0.0324074 13
2 0.11849 0.265278 0.0328125 0.0398148 4
2 0.153646 0.170833 0.0197917 0.025 12
2 0.140885 0.160648 0.0203125 0.0231481 9
2 0.841146 0.487963 0.0666667 0.0592593 1
2 0.175521 0.191667 0.0239583 0.0296296 15
2 0.427083 0.679167 0.0791667 0.123148 27
