2 0.879167 0.425926 0.0729167 0.0481481 42
2 0.238542 0.294907 0.0322917 0.0398148 2
2 0.166927 0.222222 0.0265625 0.0296296 3
2 0.276562 0.262037 0.0333333 0.0333333 5
2 0.269792 0.483333 0.065625 0.0703704 8
2 0.122917 0.262037 0.0302083 0.0425926 13
2 0.390104 0.830093 0.0885417 0.147222 33
2 0.426823 0.685648 0.0994792 0.134259 10
2 0.253646 0.243519 0.0333333 0.037037 7
2 0.178646 0.35 0.0385417 0.0481481 4
2 0.2125 0.215741 0.0333333 0.0351852 43
2 0.177604 0.19213 0.025 0.0287037 15
2 0.0742188 0.0990741 0.0140625 0.0166667 46
