2 0.883073 0.481019 0.0838542 0.0694444 1
2 0.325 0.392593 0.0447917 0.0462963 3
2 0.457292 0.526389 0.059375 0.0694444 2
2 0.253906 0.577778 0.0661458 0.114815 26
2 0.157292 0.413426 0.040625 0.0564815 33
2 0.4125 0.897685 0.105208 0.176852 6
2 0.463802 0.733796 0.0921875 0.132407 27
2 0.275521 0.262963 0.03125 0.0314815 5
2 0.288281 0.489352 0.0567708 0.0824074 29
2 0.252083 0.243519 0.0322917 0.037037 7
2 0.211458 0.216204 0.0333333 0.0361111 15
2 0.122656 0.269907 0.0286458 0.037963 4
2 0.159115 0.318056 0.0390625 0.0453704 8
2 0.210417 0.383796 0.0520833 0.0694444 10
2 0.0984375 0.226852 0.0260417 0.0351852 13
2 0.140885 0.160648 0.0203125 0.0231481 12
