2 0.930469 0.416204 0.0723958 0.0509259 42
2 0.263542 0.321759 0.034375 0.0435185 2
2 0.323958 0.706019 0.0739583 0.117593 33
2 0.366667 0.601389 0.084375 0.112037 10
2 0.276302 0.2625 0.0328125 0.0324074 5
2 0.185417 0.242593 0.028125 0.0314815 3
2 0.252865 0.243056 0.0317708 0.0361111 7
2 0.163802 0.329167 0.0359375 0.0453704 4
2 0.21224 0.215278 0.0338542 0.0361111 43
2 0.244792 0.440278 0.05 0.0694444 8
2 0.115104 0.251852 0.0291667 0.0388889 13
2 0.630729 0.937037 0.121875 0.122222 29
2 0.141146 0.160648 0.0208333 0.0231481 9
2 0.176823 0.191667 0.0234375 0.0277778 15
