2 0.691927 0.781481 0.0984375 0.111111 2
2 0.702344 0.642593 0.0765625 0.0962963 1
2 0.510938 0.588426 0.0729167 0.075 3
2 0.115104 0.260648 0.0302083 0.037963 4
2 0.27526 0.262963 0.0328125 0.0314815 5
2 0.252604 0.243056 0.0322917 0.037963 7
2 0.141927 0.290278 0.0359375 0.0416667 8
2 0.214844 0.52037 0.0557292 0.0833333 6
2 0.0981771 0.225926 0.0265625 0.0333333 13
2 0.166927 0.323148 0.0442708 0.0611111 10
2 0.153646 0.170833 0.01875 0.025 12
2 0.140625 0.160185 0.0208333 0.0240741 9
2 0.0729167 0.1 0.015625 0.0166667 11
2 0.176302 0.191667 0.0244792 0.0277778 15
