2 0.934827 0.910044 0.130347 0.163661
2 0.772592 0.871432 0.114688 0.128851
2 0.622798 0.710191 0.0933175 0.0985142
2 0.115325 0.260909 0.0304578 0.0369019
2 0.275769 0.263061 0.0320301 0.032168
2 0.176156 0.454481 0.0499873 0.0690713
2 0.252402 0.243346 0.0321084 0.036787
2 0.141755 0.290355 0.0349926 0.0417664
2 0.140943 0.160598 0.0203983 0.0248625
2 0.194103 0.365758 0.0357177 0.0604122
2 0.0738677 0.100188 0.0142205 0.017054
2 0.176532 0.192158 0.02362 0.0281294
2 0.0983579 0.225662 0.0262365 0.0332397
2 0.0609017 0.181574 0.025669 0.0340248
