2 0.709896 0.45463 0.078125 0.0537037 42
2 0.275521 0.2625 0.0322917 0.0324074 5
2 0.252344 0.243519 0.0338542 0.0388889 7
2 0.0473958 0.0976852 0.0135417 0.0175926 2
2 0.509375 0.829167 0.115625 0.171296 76
2 0.0322917 0.0814815 0.0135417 0.0166667 3
2 0.128385 0.274537 0.0348958 0.0527778 73
2 0.144792 0.196296 0.025 0.0314815 55
2 0.211458 0.215741 0.0333333 0.0351852 43
2 0.109635 0.233796 0.0348958 0.0398148 79
2 0.176042 0.19213 0.0229167 0.0268519 15
2 0.955208 0.406019 0.0885417 0.0638889 86
2 0.140625 0.160185 0.0208333 0.0240741 89
2 0.0585938 0.175 0.0213542 0.0277778 90
2 0.0734375 0.1 0.0145833 0.0166667 91
