2 0.710156 0.45463 0.0786458 0.0537037 42
2 0.35599 0.593056 0.0828125 0.108333 99
2 0.275781 0.2625 0.0328125 0.0324074 5
2 0.252865 0.243056 0.0338542 0.037963 7
2 0.0919271 0.143519 0.0192708 0.0240741 55
2 0.0255208 0.0740741 0.0125 0.0148148 2
2 0.189844 0.302315 0.0411458 0.0509259 79
2 0.211719 0.215278 0.0328125 0.0361111 43
2 0.0736979 0.1 0.0140625 0.0166667 91
2 0.195833 0.381019 0.0322917 0.0675926 73
2 0.153906 0.171759 0.0192708 0.0231481 15
2 0.195052 0.203704 0.0244792 0.0277778 92
