2 0.710156 0.45463 0.0786458 0.0537037 42
2 0.275521 0.262963 0.0322917 0.0314815 5
2 0.252604 0.243056 0.0333333 0.037963 7
2 0.184635 0.35463 0.0432292 0.0648148 73
2 0.10026 0.151389 0.0203125 0.025 55
2 0.842969 0.425 0.0984375 0.0685185 86
2 0.173437 0.286574 0.040625 0.0509259 79
2 0.211719 0.215278 0.0328125 0.0361111 43
2 0.0289063 0.0787037 0.0130208 0.0166667 2
2 0.0736979 0.1 0.0140625 0.0166667 91
2 0.153906 0.171296 0.0192708 0.0240741 15
2 0.141146 0.160185 0.0208333 0.0240741 89
2 0.318229 0.531481 0.0614583 0.0925926 99
2 0.194792 0.203704 0.025 0.0277778 92
2 0.0130208 0.0638889 0.0125 0.012963 3
2 0.18724 0.190278 0.0223958 0.0268519 90
