2 0.710156 0.45463 0.0786458 0.0537037 42
2 0.275521 0.262963 0.0322917 0.0314815 5
2 0.252344 0.243056 0.0328125 0.037963 7
2 0.0864583 0.1375 0.01875 0.0231481 55
2 0.198177 0.311574 0.0411458 0.0527778 79
2 0.211719 0.215278 0.0328125 0.0361111 43
2 0.0229167 0.0717593 0.0125 0.0157407 2
2 0.00703125 0.0574074 0.0130208 0.012963 3
2 0.153906 0.171296 0.0192708 0.0240741 15
2 0.827083 0.426389 0.0927083 0.0657407 86
2 0.0739583 0.1 0.0135417 0.0166667 91
2 0.384375 0.634722 0.0885417 0.119444 99
2 0.195573 0.203704 0.0255208 0.0277778 92
2 0.217708 0.400926 0.0510417 0.0777778 73
