2 0.971354 0.460185 0.05625 0.0648148 1
2 0.286458 0.352778 0.040625 0.0425926 3
2 0.332292 0.549537 0.0645833 0.0953704 29
2 0.403906 0.47037 0.0526042 0.0611111 2
2 0.275781 0.2625 0.0317708 0.0324074 5
2 0.179427 0.451389 0.0473958 0.0657407 33
2 0.126562 0.277315 0.03125 0.0398148 4
2 0.560417 0.866667 0.105208 0.166667 27
2 0.252083 0.243056 0.0322917 0.0361111 7
2 0.211458 0.216204 0.0333333 0.0361111 15
2 0.141146 0.160185 0.0208333 0.0240741 9
2 0.0989583 0.229167 0.028125 0.0398148 13
2 0.171354 0.337037 0.0395833 0.0481481 8
