2 0.74974 0.844444 0.110937 0.124074 2
2 0.794271 0.759259 0.121875 0.124074 1
2 0.577344 0.660648 0.0848958 0.087963 3
2 0.188802 0.476852 0.0494792 0.0722222 6
2 0.114844 0.260648 0.0307292 0.037963 4
2 0.275521 0.2625 0.0322917 0.0324074 5
2 0.252604 0.243056 0.0333333 0.037963 7
2 0.141667 0.289815 0.0354167 0.0407407 8
2 0.0729167 0.099537 0.0145833 0.0175926 11
2 0.140885 0.160185 0.0203125 0.0240741 9
2 0.0601563 0.17963 0.0255208 0.0314815 14
2 0.0979167 0.225 0.0260417 0.0333333 13
2 0.176302 0.191667 0.0234375 0.0277778 12
