2 0.364583 0.594444 0.0697917 0.105556 29
2 0.373437 0.437963 0.0479167 0.0555556 2
2 0.265625 0.330093 0.0375 0.0416667 3
2 0.191406 0.478704 0.0421875 0.0685185 33
2 0.275521 0.2625 0.03125 0.0324074 5
2 0.251823 0.243519 0.0328125 0.037037 7
2 0.130469 0.28287 0.0317708 0.0416667 4
2 0.0997396 0.231481 0.0286458 0.0407407 13
2 0.328385 0.728704 0.105729 0.175926 26
2 0.0731771 0.1 0.0140625 0.0166667 11
2 0.63724 0.941204 0.118229 0.113889 27
2 0.211458 0.216204 0.0322917 0.0361111 15
2 0.179167 0.350926 0.0416667 0.05 8
