2 0.710417 0.454167 0.078125 0.0546296 42
2 0.352344 0.598611 0.0755208 0.108333 76
2 0.275781 0.2625 0.0328125 0.0324074 5
2 0.0585938 0.109722 0.0151042 0.0175926 2
2 0.252865 0.243519 0.0328125 0.0388889 7
2 0.17474 0.227315 0.0276042 0.0342593 55
2 0.0432292 0.0925926 0.0145833 0.0166667 3
2 0.108594 0.249537 0.0359375 0.0453704 73
2 0.211458 0.215741 0.0333333 0.0351852 43
2 0.111719 0.264815 0.0296875 0.0314815 79
2 0.176302 0.19213 0.0234375 0.0268519 15
2 0.164583 0.319907 0.0427083 0.0601852 81
2 0.153906 0.170833 0.0192708 0.0231481 50
