2 0.52526 0.846759 0.116146 0.189815 73
2 0.710156 0.454167 0.0776042 0.0527778 42
2 0.815625 0.430093 0.0927083 0.0675926 86
2 0.276302 0.262037 0.0328125 0.0333333 5
2 0.252865 0.242593 0.0317708 0.037037 7
2 0.278906 0.4 0.0505208 0.0703704 79
2 0.0460938 0.0944444 0.0161458 0.0185185 55
2 0.211458 0.215741 0.0333333 0.0351852 43
2 0.177083 0.191667 0.0239583 0.0277778 104
2 0.197656 0.439352 0.0338542 0.062037 103
2 0.154167 0.170833 0.01875 0.0231481 15
2 0.13099 0.149537 0.0213542 0.025 89
