2 0.897917 0.477315 0.0833333 0.0694444 1
2 0.428646 0.916204 0.110417 0.162037 6
2 0.448437 0.51713 0.0583333 0.0657407 2
2 0.31875 0.386111 0.0447917 0.0462963 3
2 0.294792 0.499074 0.0572917 0.0833333 29
2 0.160156 0.418056 0.0421875 0.0601852 33
2 0.276042 0.262963 0.03125 0.0314815 5
2 0.122396 0.27037 0.03125 0.0388889 4
2 0.211458 0.216204 0.0333333 0.0361111 15
2 0.252344 0.243519 0.0328125 0.037037 7
2 0.161979 0.321296 0.0385417 0.0462963 8
2 0.0986979 0.226389 0.0265625 0.0342593 13
2 0.153906 0.170833 0.0192708 0.025 12
