2 0.935937 0.415278 0.071875 0.0490741 42
2 0.621875 0.927778 0.127083 0.138889 29
2 0.188281 0.244907 0.0276042 0.0305556 3
2 0.266406 0.325 0.0348958 0.0425926 2
2 0.317969 0.69537 0.0723958 0.112963 33
2 0.276042 0.262963 0.0322917 0.0314815 5
2 0.361979 0.594444 0.0822917 0.111111 10
2 0.252865 0.243519 0.0338542 0.037037 7
2 0.243229 0.438889 0.046875 0.0666667 8
2 0.211979 0.215741 0.0333333 0.0351852 43
2 0.113802 0.251389 0.0296875 0.0398148 13
2 0.16276 0.327315 0.0359375 0.0435185 4
2 0.141146 0.160648 0.0208333 0.0231481 9
2 0.176563 0.19213 0.0239583 0.0268519 15
