2 0.789062 0.441204 0.075 0.0527778 42
2 0.896615 0.957407 0.148438 0.0814815 55
2 0.359375 0.606481 0.0854167 0.0944444 8
2 0.276302 0.2625 0.0328125 0.0324074 5
2 0.13125 0.183796 0.021875 0.0268519 3
2 0.144531 0.294907 0.0328125 0.0472222 13
2 0.639583 0.938426 0.14375 0.119444 10
2 0.190365 0.244907 0.0255208 0.0324074 2
2 0.253125 0.243981 0.0333333 0.037963 7
2 0.177083 0.191667 0.0239583 0.0277778 15
2 0.211719 0.215741 0.0328125 0.0351852 43
2 0.105208 0.243981 0.03125 0.0398148 52
2 0.196094 0.204167 0.0265625 0.0268519 50
