2 0.343229 0.412963 0.0479167 0.0518519 3
2 0.847656 0.487037 0.0734375 0.062963 1
2 0.482031 0.552778 0.0630208 0.0740741 2
2 0.276042 0.262963 0.03125 0.0314815 5
2 0.119271 0.26713 0.03125 0.037963 4
2 0.435677 0.690278 0.0828125 0.125 27
2 0.373437 0.823611 0.09375 0.15463 6
2 0.252083 0.243519 0.0322917 0.037037 7
2 0.211719 0.216204 0.0328125 0.0361111 15
2 0.272917 0.469444 0.0552083 0.0796296 29
2 0.148698 0.400463 0.0401042 0.0527778 33
2 0.15599 0.3125 0.0380208 0.0453704 8
2 0.203125 0.375 0.0489583 0.0685185 10
2 0.140885 0.160185 0.0203125 0.0240741 12
