2 0.710156 0.45463 0.0786458 0.0537037 42
2 0.160938 0.320833 0.0395833 0.0601852 73
2 0.276042 0.2625 0.0322917 0.0324074 5
2 0.151042 0.26713 0.0375 0.0472222 79
2 0.252865 0.243519 0.0328125 0.037037 7
2 0.0356771 0.0847222 0.0130208 0.0157407 2
2 0.0739583 0.1 0.0145833 0.0166667 91
2 0.114583 0.165278 0.021875 0.0268519 55
2 0.0200521 0.0699074 0.0130208 0.0138889 3
2 0.211719 0.215741 0.0328125 0.0351852 43
2 0.140885 0.160185 0.0203125 0.0240741 89
2 0.876042 0.419444 0.090625 0.0666667 86
2 0.2625 0.459259 0.0645833 0.0888889 99
