2 0.927083 0.416204 0.071875 0.0490741 42
2 0.2625 0.32037 0.034375 0.0425926 2
2 0.6375 0.938889 0.122917 0.116667 29
2 0.276302 0.2625 0.0328125 0.0324074 5
2 0.252865 0.243056 0.0317708 0.0361111 7
2 0.184115 0.241667 0.0276042 0.0314815 3
2 0.115104 0.252315 0.0291667 0.0398148 13
2 0.326562 0.711111 0.0739583 0.12037 33
2 0.164323 0.32963 0.0359375 0.0462963 4
2 0.245312 0.441204 0.0520833 0.0712963 8
2 0.21224 0.215278 0.0338542 0.0361111 43
2 0.369271 0.60463 0.084375 0.114815 10
2 0.177083 0.191667 0.0239583 0.0277778 15
