2 0.335677 0.570833 0.0651042 0.0861111 4
2 0.719792 0.452778 0.0760417 0.0537037 42
2 0.467448 0.531944 0.0661458 0.075 55
2 0.275781 0.262963 0.0328125 0.0314815 5
2 0.252865 0.243519 0.0328125 0.037037 7
2 0.135156 0.1875 0.0213542 0.0268519 2
2 0.0544271 0.121759 0.0307292 0.0212963 57
2 0.176563 0.191667 0.0239583 0.0277778 15
2 0.211979 0.215741 0.0322917 0.0351852 43
2 0.198958 0.375926 0.0354167 0.0592593 13
2 0.0609375 0.17963 0.0270833 0.0333333 60
2 0.0992187 0.147685 0.0192708 0.0212963 3
