2 0.713802 0.454167 0.0765625 0.0527778 42
2 0.41849 0.47963 0.0578125 0.0666667 55
2 0.376302 0.627778 0.0723958 0.1 4
2 0.275781 0.262963 0.0328125 0.0314815 5
2 0.0434896 0.123148 0.0255208 0.0222222 57
2 0.0945312 0.141667 0.0192708 0.0222222 3
2 0.125 0.178241 0.0208333 0.025 2
2 0.252604 0.243519 0.0333333 0.037037 7
2 0.211719 0.215741 0.0317708 0.0351852 43
2 0.176302 0.191667 0.0234375 0.0277778 15
2 0.0640625 0.184722 0.025 0.0342593 60
2 0.220833 0.4 0.0458333 0.0666667 13
2 0.154167 0.171296 0.0197917 0.0240741 50
