2 0.290885 0.506481 0.0619792 0.0944444 73
2 0.710417 0.45463 0.078125 0.0537037 42
2 0.276042 0.2625 0.0322917 0.0324074 5
2 0.585677 0.904167 0.147396 0.187963 99
2 0.816927 0.429167 0.0932292 0.0657407 86
2 0.253125 0.243056 0.0333333 0.037963 7
2 0.0692708 0.118981 0.0166667 0.0212963 55
2 0.127344 0.29213 0.0296875 0.0416667 103
2 0.236458 0.351852 0.0447917 0.0611111 79
2 0.0135417 0.0625 0.0114583 0.0138889 2
2 0.211719 0.215741 0.0328125 0.0351852 43
2 0.153906 0.171296 0.0192708 0.0222222 15
2 0.177083 0.191667 0.0239583 0.0277778 104
2 0.195833 0.204167 0.025 0.0268519 92
