2 0.506771 0.819907 0.110417 0.180556 73
2 0.709896 0.454167 0.078125 0.0527778 42
2 0.815365 0.430093 0.0932292 0.0675926 86
2 0.275781 0.2625 0.0328125 0.0324074 5
2 0.252604 0.24213 0.03125 0.0361111 7
2 0.0466146 0.0953704 0.0161458 0.0185185 55
2 0.194531 0.429167 0.0369792 0.0601852 103
2 0.177083 0.191667 0.0239583 0.0277778 104
2 0.277083 0.399074 0.05 0.0685185 79
2 0.153906 0.170833 0.0192708 0.0231481 15
2 0.211198 0.215741 0.0338542 0.0351852 43
2 0.130469 0.149074 0.0213542 0.0240741 89
2 0.0739583 0.1 0.0145833 0.0166667 92
