2 0.921094 0.882407 0.156771 0.155556 1
2 0.771094 0.868981 0.115104 0.130556 2
2 0.617708 0.703704 0.0916667 0.0962963 3
2 0.115104 0.260648 0.0302083 0.0361111 4
2 0.178646 0.455556 0.0510417 0.0685185 6
2 0.276042 0.2625 0.0322917 0.0324074 5
2 0.253125 0.243056 0.0333333 0.037963 7
2 0.194531 0.365278 0.0359375 0.0601852 10
2 0.176302 0.191667 0.0234375 0.0277778 12
2 0.0614583 0.180093 0.025 0.0305556 14
2 0.0739583 0.1 0.0145833 0.0166667 11
2 0.141927 0.290278 0.0348958 0.0416667 8
2 0.140885 0.160185 0.0203125 0.0240741 9
2 0.211719 0.214815 0.0328125 0.0333333 15
