2 0.821875 0.788889 0.129167 0.133333 1
2 0.756771 0.854167 0.1125 0.125 2
2 0.588281 0.672222 0.0869792 0.0888889 3
2 0.186719 0.469907 0.0515625 0.0731481 6
2 0.114844 0.260185 0.0307292 0.037037 4
2 0.275521 0.2625 0.0322917 0.0324074 5
2 0.252344 0.243056 0.0328125 0.037963 7
2 0.141406 0.289815 0.0348958 0.0407407 8
2 0.19401 0.366204 0.0348958 0.0601852 10
2 0.0601563 0.180556 0.0255208 0.0314815 14
2 0.0734375 0.099537 0.0145833 0.0175926 11
2 0.140625 0.160185 0.0208333 0.0240741 9
2 0.0979167 0.225 0.0260417 0.0333333 13
2 0.164583 0.319907 0.04375 0.0583333 20
2 0.176042 0.191667 0.0229167 0.0277778 12
