2 0.710156 0.454167 0.0776042 0.0527778 42
2 0.458854 0.749537 0.0989583 0.160185 73
2 0.815625 0.430093 0.0927083 0.0675926 86
2 0.276042 0.262037 0.0322917 0.0333333 5
2 0.252865 0.243056 0.0317708 0.0361111 7
2 0.0507812 0.0990741 0.0161458 0.0185185 55
2 0.177083 0.191204 0.0239583 0.0287037 104
2 0.211458 0.215741 0.0333333 0.0351852 43
2 0.273438 0.393981 0.05 0.0675926 79
2 0.154167 0.170833 0.01875 0.0231481 15
2 0.182812 0.402315 0.0395833 0.0564815 103
2 0.0046875 0.0523148 0.009375 0.0138889 2
2 0.13099 0.149537 0.0213542 0.025 89
