2 0.64349 0.728704 0.0880208 0.101852 2
2 0.467969 0.54213 0.0671875 0.0675926 3
2 0.23776 0.561574 0.0609375 0.0861111 6
2 0.115365 0.261111 0.0307292 0.037037 4
2 0.27526 0.262963 0.0328125 0.0314815 5
2 0.143229 0.291667 0.0375 0.0425926 8
2 0.252604 0.243056 0.0333333 0.037963 7
2 0.171094 0.32963 0.0463542 0.0611111 10
2 0.0981771 0.225463 0.0265625 0.0342593 13
2 0.153906 0.170833 0.0192708 0.025 12
2 0.140625 0.160185 0.0208333 0.0240741 9
2 0.301563 0.508796 0.05625 0.0824074 27
2 0.0729167 0.1 0.015625 0.0166667 11
2 0.176302 0.191667 0.0244792 0.0277778 15
