2 0.710417 0.45463 0.0770833 0.0537037 42
2 0.275781 0.262963 0.0328125 0.0314815 5
2 0.348698 0.406481 0.0484375 0.0574074 55
2 0.110156 0.162037 0.0192708 0.0240741 2
2 0.265625 0.4625 0.0510417 0.0731481 13
2 0.252865 0.243519 0.0328125 0.037037 7
2 0.47526 0.774074 0.0942708 0.12963 4
2 0.177083 0.191667 0.0239583 0.0277778 15
2 0.211979 0.215741 0.0322917 0.0351852 43
2 0.0859375 0.13287 0.0177083 0.0194444 3
2 0.154167 0.171296 0.0197917 0.0222222 50
2 0.195312 0.204167 0.025 0.0268519 64
2 0.0536458 0.172685 0.0125 0.0194444 60
