2 0.867708 0.484259 0.0833333 0.0685185 1
2 0.33151 0.399537 0.0463542 0.0490741 3
2 0.466146 0.535185 0.0604167 0.0703704 2
2 0.397396 0.868981 0.101042 0.169444 6
2 0.276042 0.262963 0.03125 0.0314815 5
2 0.282292 0.482407 0.0572917 0.0814815 29
2 0.15651 0.410185 0.0359375 0.0537037 33
2 0.211719 0.216204 0.0328125 0.0361111 15
2 0.252083 0.243519 0.0322917 0.037037 7
2 0.208333 0.381481 0.0510417 0.0685185 10
2 0.121094 0.268981 0.0307292 0.037963 4
2 0.158854 0.315741 0.0385417 0.0462963 8
2 0.241406 0.565278 0.0786458 0.115741 26
2 0.140885 0.161111 0.0203125 0.0240741 9
2 0.153646 0.170833 0.01875 0.025 12
