2 0.73099 0.533796 0.0703125 0.0805556 1
2 0.57526 0.653704 0.0776042 0.087037 2
2 0.279687 0.641667 0.0697917 0.109259 6
2 0.115365 0.261574 0.0307292 0.037963 4
2 0.27526 0.262963 0.0328125 0.0314815 5
2 0.252083 0.242593 0.0333333 0.037037 7
2 0.414583 0.485648 0.059375 0.062037 3
2 0.0731771 0.1 0.0151042 0.0166667 11
2 0.147135 0.297685 0.0380208 0.0435185 8
2 0.0979167 0.225463 0.0260417 0.0324074 13
2 0.182292 0.343519 0.0458333 0.062963 10
2 0.153906 0.170833 0.0192708 0.025 12
2 0.140885 0.160648 0.0203125 0.0231481 9
