2 0.711979 0.453704 0.0760417 0.0537037 42
2 0.4 0.6625 0.0770833 0.106481 4
2 0.275521 0.262963 0.0322917 0.0314815 5
2 0.120313 0.173611 0.0208333 0.025 2
2 0.0919271 0.139352 0.0171875 0.0212963 3
2 0.252604 0.243519 0.0333333 0.037037 7
2 0.0658854 0.186111 0.0276042 0.0333333 60
2 0.395833 0.457407 0.0552083 0.0611111 55
2 0.0408854 0.123611 0.0203125 0.0231481 57
2 0.236458 0.417593 0.0364583 0.0648148 13
2 0.176302 0.191667 0.0234375 0.0277778 15
2 0.211979 0.215741 0.0322917 0.0351852 43
2 0.153906 0.171296 0.0192708 0.0240741 50
