2 0.710417 0.45463 0.078125 0.0537037 42
2 0.275781 0.2625 0.0328125 0.0324074 5
2 0.0335937 0.0824074 0.0140625 0.0166667 3
2 0.253125 0.243519 0.0333333 0.0388889 7
2 0.0489583 0.0986111 0.0145833 0.0175926 2
2 0.126302 0.271296 0.0348958 0.0518519 73
2 0.0583333 0.174074 0.01875 0.0277778 90
2 0.959896 0.404167 0.0791667 0.0638889 86
2 0.147917 0.199537 0.025 0.0324074 55
2 0.176823 0.19213 0.0234375 0.0268519 15
2 0.211458 0.215741 0.0333333 0.0351852 43
2 0.0736979 0.1 0.0151042 0.0166667 91
2 0.140625 0.160648 0.0208333 0.0231481 89
