2 0.710156 0.45463 0.0786458 0.0537037 42
2 0.380469 0.630093 0.0890625 0.117593 99
2 0.275521 0.262963 0.0322917 0.0314815 5
2 0.252604 0.243056 0.0333333 0.037963 7
2 0.0877604 0.138889 0.0192708 0.0240741 55
2 0.197396 0.310648 0.040625 0.0527778 79
2 0.211719 0.215278 0.0328125 0.0361111 43
2 0.0231771 0.0722222 0.0130208 0.0148148 2
2 0.827865 0.425926 0.0932292 0.0666667 86
2 0.00703125 0.0578704 0.0130208 0.0138889 3
2 0.153906 0.171296 0.0192708 0.0240741 15
2 0.0739583 0.1 0.0135417 0.0166667 91
2 0.195573 0.203704 0.0255208 0.0277778 92
