2 0.896354 0.856019 0.151042 0.147222 1
2 0.768229 0.865278 0.115625 0.126852 2
2 0.611198 0.697222 0.0911458 0.0962963 3
2 0.180208 0.458333 0.0510417 0.0685185 6
2 0.115365 0.260185 0.0307292 0.037037 4
2 0.275521 0.2625 0.0322917 0.0324074 5
2 0.252865 0.243056 0.0328125 0.037963 7
2 0.19401 0.365278 0.0359375 0.0601852 10
2 0.141667 0.289815 0.034375 0.0407407 8
2 0.0611979 0.180093 0.0255208 0.0305556 14
2 0.0734375 0.1 0.0145833 0.0166667 11
2 0.211719 0.215741 0.0328125 0.0351852 15
2 0.176302 0.191667 0.0234375 0.0277778 12
2 0.140885 0.160185 0.0203125 0.0240741 9
2 0.0984375 0.224537 0.0260417 0.0324074 13
