2 0.710156 0.45463 0.0776042 0.0537037 42
2 0.275781 0.2625 0.0328125 0.0324074 5
2 0.252604 0.243056 0.0333333 0.037963 7
2 0.0346354 0.0833333 0.0130208 0.0166667 2
2 0.163802 0.324537 0.0401042 0.062037 73
2 0.153125 0.268981 0.0385417 0.0472222 79
2 0.870833 0.42037 0.090625 0.0648148 86
2 0.01875 0.0689815 0.0125 0.0138889 3
2 0.0739583 0.099537 0.0145833 0.0175926 91
2 0.211458 0.215741 0.0322917 0.0351852 43
2 0.1125 0.163426 0.021875 0.0268519 55
2 0.153906 0.171296 0.0192708 0.0240741 15
2 0.140885 0.160185 0.0213542 0.0240741 89
