2 0.726823 0.537037 0.0682292 0.0814815 1
2 0.580208 0.658333 0.078125 0.087037 2
2 0.115104 0.261574 0.03125 0.037963 4
2 0.276042 0.634259 0.06875 0.105556 6
2 0.251823 0.242593 0.0328125 0.037037 7
2 0.27526 0.262963 0.0328125 0.0314815 5
2 0.417969 0.490278 0.0588542 0.0583333 3
2 0.146875 0.296759 0.0375 0.0435185 8
2 0.0731771 0.1 0.0151042 0.0166667 11
2 0.18125 0.342593 0.0458333 0.062963 10
2 0.0979167 0.225463 0.0260417 0.0324074 13
2 0.140625 0.160648 0.0208333 0.0231481 9
2 0.153646 0.170833 0.0197917 0.025 12
2 0.175781 0.191204 0.0244792 0.0287037 15
