2 0.710417 0.45463 0.078125 0.0537037 42
2 0.275521 0.484722 0.0604167 0.0898148 73
2 0.276302 0.2625 0.0317708 0.0324074 5
2 0.817448 0.429167 0.0932292 0.0675926 86
2 0.253125 0.243056 0.0333333 0.037963 7
2 0.230729 0.344444 0.04375 0.0574074 79
2 0.0153646 0.0638889 0.0119792 0.0148148 2
2 0.552604 0.861111 0.103125 0.17037 99
2 0.121615 0.280093 0.0286458 0.0398148 103
2 0.211719 0.215741 0.0328125 0.0351852 43
2 0.0721354 0.121759 0.0171875 0.0212963 55
2 0.153906 0.171296 0.0192708 0.0222222 15
2 0.177344 0.19213 0.0244792 0.0268519 104
