2 0.710156 0.454167 0.0786458 0.0546296 42
2 0.275781 0.2625 0.0328125 0.0324074 5
2 0.252865 0.243056 0.0338542 0.037963 7
2 0.211458 0.215741 0.0333333 0.0351852 43
2 0.314063 0.543056 0.0677083 0.0953704 76
2 0.188021 0.241204 0.028125 0.0361111 55
2 0.0635417 0.114352 0.015625 0.0175926 2
2 0.0479167 0.0972222 0.015625 0.0166667 3
2 0.176823 0.191667 0.0234375 0.0277778 15
2 0.103646 0.238889 0.0302083 0.0425926 73
2 0.153646 0.170833 0.01875 0.0231481 50
2 0.130208 0.150463 0.0208333 0.0231481 79
