2 0.39349 0.651852 0.0755208 0.103704 4
2 0.71276 0.453704 0.0765625 0.0537037 42
2 0.275781 0.2625 0.0328125 0.0324074 5
2 0.402083 0.463889 0.0541667 0.062963 55
2 0.0419271 0.123148 0.0223958 0.0222222 57
2 0.122656 0.175463 0.0203125 0.0231481 2
2 0.0651042 0.185648 0.0260417 0.0342593 60
2 0.252865 0.243519 0.0328125 0.037037 7
2 0.0929688 0.140741 0.0182292 0.0203704 3
2 0.176563 0.191667 0.0239583 0.0277778 15
2 0.211979 0.215741 0.0322917 0.0351852 43
2 0.194531 0.204167 0.0234375 0.0268519 64
2 0.154167 0.171296 0.0197917 0.0222222 50
2 0.147917 0.303704 0.0375 0.0518519 52
