2 0.710156 0.45463 0.0786458 0.0537037 42
2 0.276042 0.2625 0.0322917 0.0324074 5
2 0.252865 0.243519 0.0328125 0.037037 7
2 0.11875 0.168519 0.021875 0.0277778 55
2 0.144271 0.261574 0.0375 0.0472222 79
2 0.0369792 0.0861111 0.0135417 0.0166667 2
2 0.0739583 0.1 0.0145833 0.0166667 91
2 0.885156 0.418056 0.0901042 0.0657407 86
2 0.211719 0.215741 0.0328125 0.0351852 43
2 0.0216146 0.0717593 0.0130208 0.0138889 3
2 0.15599 0.313889 0.0390625 0.0574074 73
2 0.140625 0.159722 0.0208333 0.0231481 89
