2 0.354687 0.599074 0.06875 0.0907407 4
2 0.716667 0.453704 0.0760417 0.0537037 42
2 0.441667 0.500463 0.0625 0.0787037 55
2 0.275781 0.262963 0.0328125 0.0314815 5
2 0.130208 0.183333 0.0208333 0.0259259 2
2 0.252865 0.243519 0.0328125 0.037037 7
2 0.096875 0.144444 0.01875 0.0222222 3
2 0.176563 0.191667 0.0239583 0.0277778 15
2 0.211979 0.215741 0.0322917 0.0351852 43
2 0.0476562 0.122222 0.0296875 0.0203704 57
2 0.210677 0.386111 0.0421875 0.062963 13
2 0.195052 0.204167 0.0244792 0.0268519 50
