2 0.395052 0.653704 0.0838542 0.133333 73
2 0.710417 0.45463 0.078125 0.0537037 42
2 0.815885 0.430093 0.0932292 0.0675926 86
2 0.276042 0.262037 0.0322917 0.0333333 5
2 0.252865 0.243056 0.0317708 0.0361111 7
2 0.211458 0.215741 0.0333333 0.0351852 43
2 0.177083 0.191667 0.0229167 0.0277778 104
2 0.00598958 0.0541667 0.0109375 0.0138889 2
2 0.263802 0.383333 0.0484375 0.0666667 79
2 0.0559896 0.105093 0.0151042 0.0194444 55
2 0.163281 0.361574 0.0359375 0.0509259 103
2 0.154167 0.170833 0.01875 0.0231481 15
2 0.13099 0.15 0.0213542 0.0240741 89
