2 0.803385 0.768981 0.125521 0.126852 1
2 0.751823 0.847685 0.110937 0.123148 2
2 0.58099 0.663889 0.0848958 0.087037 3
2 0.188542 0.474537 0.0510417 0.0712963 6
2 0.115104 0.260185 0.0302083 0.037037 4
2 0.275521 0.2625 0.0322917 0.0324074 5
2 0.252865 0.243056 0.0338542 0.037963 7
2 0.141667 0.289352 0.0354167 0.0416667 8
2 0.0606771 0.180093 0.0244792 0.0305556 14
2 0.141146 0.160185 0.0208333 0.0240741 9
2 0.0736979 0.1 0.0140625 0.0166667 11
2 0.176563 0.191667 0.0239583 0.0277778 12
2 0.211458 0.215741 0.0333333 0.0351852 15
2 0.0992187 0.225926 0.0265625 0.0351852 13
2 0.194792 0.366667 0.0354167 0.0611111 10
