2 0.331771 0.743519 0.0833333 0.135185 6
2 0.36875 0.437963 0.0520833 0.0518519 3
2 0.116406 0.263889 0.0317708 0.0388889 4
2 0.27526 0.262963 0.0328125 0.0314815 5
2 0.516667 0.589815 0.0677083 0.0777778 2
2 0.251823 0.242593 0.0328125 0.037037 7
2 0.152344 0.305093 0.0369792 0.0435185 8
2 0.191406 0.362037 0.0421875 0.0666667 10
2 0.254427 0.443056 0.0515625 0.075 29
2 0.21224 0.516667 0.0713542 0.105556 26
2 0.0731771 0.1 0.0151042 0.0166667 11
2 0.0979167 0.225463 0.0260417 0.0324074 13
2 0.153646 0.170833 0.0197917 0.025 12
2 0.140885 0.160648 0.0203125 0.0231481 9
2 0.398698 0.641204 0.0734375 0.112037 27
2 0.175521 0.191667 0.0239583 0.0296296 15
