2 0.709635 0.45463 0.0786458 0.0537037 42
2 0.910417 0.412963 0.0895833 0.0648148 86
2 0.275521 0.2625 0.0322917 0.0324074 5
2 0.252604 0.243056 0.0333333 0.037963 7
2 0.0252604 0.075463 0.0130208 0.0157407 3
2 0.0408854 0.0902778 0.0140625 0.0175926 2
2 0.143229 0.297222 0.0375 0.0537037 73
2 0.0736979 0.1 0.0140625 0.0166667 91
2 0.128125 0.17963 0.0229167 0.0277778 55
2 0.130469 0.250463 0.0359375 0.0435185 79
2 0.211979 0.216204 0.0322917 0.0361111 43
2 0.176302 0.19213 0.0234375 0.0268519 15
