2 0.709896 0.45463 0.078125 0.0537037 42
2 0.920052 0.410648 0.0890625 0.0657407 86
2 0.275781 0.2625 0.0317708 0.0324074 5
2 0.252865 0.243056 0.0328125 0.037963 7
2 0.126302 0.245833 0.0348958 0.0416667 79
2 0.140625 0.291667 0.0364583 0.0537037 73
2 0.0429688 0.0921296 0.0140625 0.0175926 2
2 0.211979 0.216204 0.0322917 0.0361111 43
2 0.131771 0.183333 0.0229167 0.0277778 55
2 0.0661458 0.184722 0.0208333 0.0268519 90
2 0.0270833 0.0768519 0.0135417 0.0166667 3
2 0.0739583 0.1 0.0145833 0.0166667 91
