2 0.809635 0.4375 0.0744792 0.0509259 42
2 0.33099 0.56713 0.0786458 0.0861111 8
2 0.276302 0.262963 0.0328125 0.0333333 5
2 0.13776 0.284722 0.0317708 0.0453704 13
2 0.253646 0.243519 0.0322917 0.037037 7
2 0.201823 0.256944 0.0276042 0.0342593 2
2 0.56849 0.885648 0.139063 0.208333 10
2 0.139844 0.193519 0.0234375 0.0277778 3
2 0.202083 0.391204 0.0302083 0.0546296 4
2 0.211979 0.215741 0.0322917 0.0351852 43
2 0.177083 0.19213 0.0239583 0.0287037 15
2 0.101302 0.237037 0.0286458 0.0407407 52
