2 0.834375 0.432407 0.08125 0.0518519 42
2 0.150781 0.205093 0.0244792 0.0287037 3
2 0.129948 0.274074 0.0317708 0.0444444 13
2 0.216927 0.272685 0.0296875 0.0361111 2
2 0.276042 0.262963 0.0322917 0.0314815 5
2 0.300521 0.525463 0.0729167 0.0768519 8
2 0.469531 0.916204 0.100521 0.160185 33
2 0.192708 0.372222 0.0385417 0.0518519 4
2 0.253125 0.243519 0.0322917 0.037037 7
2 0.211719 0.215741 0.0328125 0.0351852 43
2 0.496875 0.786111 0.114583 0.162963 10
2 0.0736979 0.1 0.0151042 0.0166667 46
2 0.130729 0.149537 0.0208333 0.0231481 50
2 0.141146 0.160185 0.0208333 0.0240741 9
2 0.177083 0.191667 0.0239583 0.0277778 15
