2 0.473698 0.547222 0.0671875 0.0703704 3
2 0.64974 0.736111 0.0911458 0.1 2
2 0.233854 0.55463 0.0604167 0.0833333 6
2 0.114844 0.261111 0.0307292 0.037037 4
2 0.275 0.262963 0.0322917 0.0314815 5
2 0.252604 0.243056 0.0333333 0.037963 7
2 0.142969 0.291667 0.0369792 0.0425926 8
2 0.691667 0.593519 0.0510417 0.087037 1
2 0.170573 0.328241 0.0453125 0.062037 10
2 0.0979167 0.225926 0.0260417 0.0333333 13
2 0.140625 0.160648 0.0208333 0.0231481 9
2 0.0726563 0.1 0.0151042 0.0166667 11
2 0.153385 0.17037 0.0192708 0.0240741 12
2 0.167708 0.434722 0.0583333 0.0861111 26
2 0.176042 0.191667 0.0239583 0.0277778 15
