2 0.554427 0.631019 0.0734375 0.0842593 2
2 0.296354 0.673148 0.0739583 0.116667 6
2 0.397656 0.468981 0.0557292 0.0564815 3
2 0.115625 0.261574 0.0302083 0.037963 4
2 0.27526 0.262963 0.0328125 0.0314815 5
2 0.252344 0.242593 0.0328125 0.037037 7
2 0.148177 0.3 0.0380208 0.0425926 8
2 0.0731771 0.1 0.0151042 0.0166667 11
2 0.153906 0.171296 0.0192708 0.0240741 12
2 0.747917 0.522222 0.0697917 0.0777778 1
2 0.141146 0.160648 0.0208333 0.0231481 9
2 0.241667 0.423148 0.0447917 0.0703704 29
2 0.0984375 0.225926 0.0260417 0.0333333 13
2 0.175781 0.191667 0.0234375 0.0296296 15
2 0.365365 0.59537 0.0682292 0.101852 27
2 0.186198 0.346759 0.0473958 0.0694444 10
