2 0.728385 0.535648 0.0682292 0.0805556 1
2 0.578385 0.656944 0.0786458 0.087963 2
2 0.278125 0.637963 0.0697917 0.107407 6
2 0.115365 0.261574 0.0307292 0.037963 4
2 0.27526 0.262963 0.0328125 0.0314815 5
2 0.252083 0.242593 0.0333333 0.037037 7
2 0.416146 0.479167 0.0572917 0.0768519 3
2 0.146875 0.297222 0.0375 0.0425926 8
2 0.0731771 0.1 0.0151042 0.0166667 11
2 0.0979167 0.225463 0.0260417 0.0324074 13
2 0.153646 0.170833 0.0197917 0.025 12
2 0.140885 0.160648 0.0203125 0.0231481 9
2 0.181771 0.343519 0.0458333 0.062963 10
