2 0.544531 0.620833 0.0723958 0.0842593 2
2 0.390365 0.462037 0.0546875 0.0555556 3
2 0.304688 0.689815 0.075 0.122222 6
2 0.115625 0.261574 0.03125 0.037963 4
2 0.27526 0.262963 0.0328125 0.0314815 5
2 0.149219 0.301389 0.0369792 0.0435185 8
2 0.252344 0.242593 0.0328125 0.037037 7
2 0.755729 0.51713 0.0677083 0.0768519 1
2 0.246875 0.433333 0.040625 0.0574074 29
2 0.0731771 0.1 0.0151042 0.0166667 11
2 0.188021 0.352778 0.046875 0.0666667 10
2 0.153906 0.170833 0.0192708 0.025 12
2 0.141146 0.160648 0.0208333 0.0231481 9
2 0.0979167 0.225463 0.0260417 0.0324074 13
2 0.176042 0.191667 0.0239583 0.0296296 15
