2 0.710417 0.45463 0.078125 0.0537037 42
2 0.276042 0.262963 0.0322917 0.0314815 5
2 0.0799479 0.130556 0.0182292 0.0240741 55
2 0.821094 0.428704 0.0932292 0.0685185 86
2 0.436979 0.710185 0.102083 0.140741 99
2 0.253125 0.243056 0.0333333 0.037963 7
2 0.211458 0.215278 0.0333333 0.0361111 43
2 0.0195312 0.0685185 0.0119792 0.0148148 2
2 0.153906 0.171296 0.0192708 0.0222222 15
2 0.0046875 0.0546296 0.009375 0.012963 3
2 0.177344 0.191667 0.0234375 0.0277778 104
2 0.21276 0.326389 0.0421875 0.0564815 79
2 0.105208 0.255093 0.0322917 0.037963 103
2 0.194271 0.203704 0.0229167 0.0277778 92
