2 0.25599 0.581481 0.0598958 0.0888889 33
2 0.988021 0.403241 0.0229167 0.0416667 42
2 0.217448 0.276852 0.0307292 0.0351852 3
2 0.469531 0.916667 0.145313 0.157407 26
2 0.305469 0.366667 0.0401042 0.0462963 2
2 0.276042 0.2625 0.0322917 0.0324074 5
2 0.485417 0.762963 0.0947917 0.148148 29
2 0.252604 0.243519 0.0322917 0.037037 7
2 0.304948 0.515278 0.0703125 0.0935185 10
2 0.10599 0.240741 0.0307292 0.0388889 13
2 0.141146 0.160648 0.0208333 0.0231481 9
2 0.147396 0.305556 0.034375 0.0425926 4
2 0.177344 0.192593 0.0234375 0.0259259 15
