2 0.726302 0.819907 0.105729 0.119444 2
2 0.739323 0.7 0.102604 0.111111 1
2 0.547396 0.626852 0.0791667 0.0814815 3
2 0.115104 0.261111 0.03125 0.037037 4
2 0.27526 0.262963 0.0328125 0.0314815 5
2 0.252344 0.243056 0.0328125 0.037963 7
2 0.141667 0.289815 0.0354167 0.0407407 8
2 0.0979167 0.225 0.0260417 0.0333333 13
2 0.0726563 0.1 0.0151042 0.0166667 11
2 0.140625 0.160185 0.0208333 0.0240741 9
2 0.153646 0.17037 0.01875 0.0240741 12
2 0.20026 0.494907 0.0536458 0.0768519 6
2 0.0598958 0.178704 0.0260417 0.0314815 14
2 0.176302 0.191667 0.0244792 0.0277778 15
