2 0.90651 0.420833 0.0734375 0.0509259 42
2 0.351042 0.757407 0.0791667 0.127778 33
2 0.252083 0.309722 0.0333333 0.0416667 2
2 0.276042 0.2625 0.0322917 0.0324074 5
2 0.176563 0.233333 0.0270833 0.0314815 3
2 0.252865 0.243056 0.0317708 0.0361111 7
2 0.391146 0.636111 0.090625 0.122222 10
2 0.253125 0.461574 0.059375 0.0694444 8
2 0.21224 0.215278 0.0338542 0.0361111 43
2 0.117448 0.256944 0.0296875 0.0416667 13
2 0.169792 0.3375 0.0375 0.0472222 4
2 0.0734375 0.099537 0.0145833 0.0175926 46
2 0.141146 0.160648 0.0208333 0.0231481 9
