2 0.85026 0.430093 0.0713542 0.0527778 42
2 0.448177 0.91713 0.103646 0.158333 33
2 0.154948 0.208796 0.0255208 0.0287037 3
2 0.292187 0.511574 0.0708333 0.0787037 8
2 0.276302 0.262963 0.0328125 0.0333333 5
2 0.128125 0.269907 0.0302083 0.0435185 13
2 0.474479 0.755093 0.110417 0.15463 10
2 0.222917 0.278704 0.0302083 0.037037 2
2 0.189583 0.365278 0.040625 0.0509259 4
2 0.211979 0.215741 0.0322917 0.0351852 43
2 0.253646 0.243981 0.0322917 0.037963 7
2 0.177083 0.19213 0.0239583 0.0287037 15
2 0.130729 0.149537 0.0208333 0.0231481 50
2 0.0736979 0.1 0.0151042 0.0166667 46
2 0.141406 0.160185 0.0203125 0.0240741 9
