2 0.265625 0.614815 0.06875 0.1 6
2 0.715625 0.546296 0.0645833 0.0833333 1
2 0.59349 0.674537 0.0817708 0.0916667 2
2 0.115365 0.260648 0.0307292 0.037963 4
2 0.27526 0.262963 0.0328125 0.0314815 5
2 0.428906 0.501852 0.0598958 0.0611111 3
2 0.252083 0.242593 0.0322917 0.037037 7
2 0.146354 0.295833 0.0385417 0.0416667 8
2 0.0731771 0.1 0.0151042 0.0166667 11
2 0.179167 0.339815 0.0458333 0.062963 10
2 0.153906 0.171296 0.0192708 0.0240741 12
2 0.0979167 0.225926 0.0260417 0.0333333 13
2 0.182292 0.4625 0.0625 0.0953704 26
2 0.140885 0.160648 0.0203125 0.0231481 9
2 0.175781 0.191204 0.0234375 0.0287037 15
2 0.226302 0.402778 0.0463542 0.0759259 29
