2 0.73099 0.451852 0.0755208 0.0518519 42
2 0.545833 0.616667 0.0791667 0.0888889 55
2 0.292448 0.511574 0.0588542 0.075 4
2 0.276042 0.2625 0.0322917 0.0324074 5
2 0.252865 0.243519 0.0328125 0.037037 7
2 0.148698 0.202778 0.0234375 0.0277778 2
2 0.0726563 0.120833 0.0317708 0.0194444 57
2 0.18099 0.347222 0.0390625 0.0537037 13
2 0.176823 0.191667 0.0244792 0.0277778 15
2 0.211719 0.215741 0.0328125 0.0351852 43
2 0.509896 0.821759 0.123958 0.14537 8
2 0.105729 0.156944 0.01875 0.0212963 3
2 0.0596354 0.175463 0.0223958 0.0324074 60
2 0.12526 0.271759 0.0338542 0.0453704 52
2 0.140625 0.160648 0.0208333 0.0231481 62
