2 0.358073 0.794907 0.0901042 0.147222 6
2 0.351823 0.42037 0.0494792 0.0518519 3
2 0.49349 0.565278 0.0640625 0.075 2
2 0.27526 0.262963 0.0328125 0.0314815 5
2 0.251823 0.242593 0.0328125 0.037037 7
2 0.266667 0.460648 0.053125 0.075 29
2 0.154948 0.310185 0.0380208 0.0444444 8
2 0.118229 0.264352 0.0322917 0.0398148 4
2 0.0731771 0.1 0.0151042 0.0166667 11
2 0.146354 0.39213 0.0354167 0.0583333 33
2 0.0979167 0.225463 0.0260417 0.0324074 13
2 0.22474 0.535648 0.0734375 0.106481 26
2 0.140885 0.160648 0.0203125 0.0231481 9
2 0.153646 0.170833 0.0197917 0.025 12
2 0.814844 0.490278 0.104688 0.0601852 1
2 0.175521 0.191667 0.0239583 0.0296296 15
2 0.19974 0.37037 0.0484375 0.0666667 10
