2 0.709375 0.45463 0.078125 0.0537037 42
2 0.275 0.2625 0.0322917 0.0324074 5
2 0.252083 0.243056 0.0333333 0.037963 7
2 0.100781 0.151852 0.0203125 0.0259259 55
2 0.182812 0.353241 0.0427083 0.0638889 73
2 0.843229 0.424537 0.0989583 0.0675926 86
2 0.0734375 0.1 0.0135417 0.0166667 91
2 0.0289063 0.0787037 0.0130208 0.0166667 2
2 0.211458 0.215741 0.0333333 0.0351852 43
2 0.172135 0.285648 0.0401042 0.0527778 79
2 0.140885 0.160185 0.0203125 0.0240741 89
2 0.153385 0.171296 0.0192708 0.0240741 15
2 0.0130208 0.0638889 0.0125 0.012963 3
2 0.176302 0.19213 0.0223958 0.0268519 90
