2 0.567969 0.645833 0.0755208 0.0861111 2
2 0.284896 0.652315 0.071875 0.110185 6
2 0.115365 0.261574 0.0307292 0.037963 4
2 0.27526 0.262963 0.0328125 0.0314815 5
2 0.252083 0.242593 0.0333333 0.037037 7
2 0.409375 0.480093 0.0583333 0.0583333 3
2 0.736458 0.52963 0.071875 0.0796296 1
2 0.147135 0.298611 0.0380208 0.0435185 8
2 0.0731771 0.1 0.0151042 0.0166667 11
2 0.185938 0.475926 0.05625 0.0962963 26
2 0.0979167 0.225463 0.0260417 0.0324074 13
2 0.153906 0.170833 0.0192708 0.025 12
2 0.140885 0.160648 0.0203125 0.0231481 9
2 0.183594 0.34537 0.0473958 0.0648148 10
