2 0.35 0.418981 0.0489583 0.0509259 3
2 0.491146 0.562037 0.0645833 0.0740741 2
2 0.27526 0.262963 0.0328125 0.0314815 5
2 0.361198 0.799537 0.0901042 0.147222 6
2 0.251823 0.242593 0.0328125 0.037037 7
2 0.267969 0.462037 0.0526042 0.0759259 29
2 0.155469 0.310185 0.0380208 0.0444444 8
2 0.225521 0.537037 0.0739583 0.107407 26
2 0.117969 0.264352 0.0328125 0.0398148 4
2 0.0731771 0.1 0.0151042 0.0166667 11
2 0.145833 0.3875 0.0385417 0.0694444 33
2 0.0981771 0.225463 0.0255208 0.0324074 13
2 0.153646 0.170833 0.0197917 0.025 12
2 0.140885 0.160648 0.0203125 0.0231481 9
2 0.817187 0.489352 0.107292 0.0601852 1
2 0.175521 0.191667 0.0239583 0.0296296 15
2 0.20026 0.371296 0.0484375 0.0666667 10
