2 0.746354 0.448611 0.0760417 0.0527778 42
2 0.630469 0.705556 0.0942708 0.111111 55
2 0.276042 0.2625 0.0322917 0.0324074 5
2 0.265365 0.473148 0.0515625 0.0666667 4
2 0.1125 0.164815 0.0208333 0.0240741 3
2 0.160938 0.216204 0.025 0.0287037 2
2 0.0908854 0.120833 0.0338542 0.0194444 57
2 0.253125 0.243519 0.0333333 0.037037 7
2 0.166667 0.327315 0.0364583 0.0509259 13
2 0.211719 0.215741 0.0328125 0.0351852 43
2 0.0583333 0.174537 0.0208333 0.0305556 60
2 0.140885 0.160185 0.0213542 0.0240741 15
2 0.45 0.735185 0.108333 0.122222 8
