2 0.960156 0.463889 0.0786458 0.0685185 1
2 0.322135 0.535648 0.0619792 0.0916667 29
2 0.29349 0.361111 0.0411458 0.0425926 3
2 0.275521 0.2625 0.03125 0.0324074 5
2 0.173437 0.441667 0.0458333 0.062963 33
2 0.251823 0.243981 0.0328125 0.0361111 7
2 0.125 0.275463 0.0322917 0.037963 4
2 0.0986979 0.228241 0.0276042 0.037963 13
2 0.538542 0.833333 0.101042 0.161111 27
2 0.414583 0.480556 0.0541667 0.062963 2
2 0.211458 0.216204 0.0333333 0.0361111 15
2 0.0731771 0.1 0.0140625 0.0166667 11
2 0.141146 0.160648 0.0208333 0.0231481 9
