2 0.385937 0.64213 0.0739583 0.102778 4
2 0.713281 0.453704 0.0765625 0.0537037 42
2 0.275781 0.262963 0.0328125 0.0314815 5
2 0.123698 0.175926 0.0203125 0.0259259 2
2 0.411719 0.472685 0.0567708 0.0657407 55
2 0.252865 0.243519 0.0328125 0.037037 7
2 0.0638021 0.185185 0.0255208 0.0351852 60
2 0.0429688 0.123148 0.0234375 0.0222222 57
2 0.0934896 0.140741 0.0182292 0.0203704 3
2 0.176563 0.191667 0.0239583 0.0277778 15
2 0.211979 0.215741 0.0322917 0.0351852 43
2 0.154167 0.171759 0.0197917 0.0231481 50
