2 0.709896 0.45463 0.078125 0.0537037 42
2 0.275521 0.2625 0.0322917 0.0324074 5
2 0.252344 0.243519 0.0338542 0.0388889 7
2 0.0473958 0.0972222 0.0135417 0.0166667 2
2 0.14401 0.19537 0.0244792 0.0296296 55
2 0.0320312 0.0814815 0.0140625 0.0166667 3
2 0.953385 0.406019 0.0890625 0.0638889 86
2 0.129427 0.276389 0.0348958 0.0509259 73
2 0.211458 0.215741 0.0333333 0.0351852 43
2 0.176042 0.191667 0.0229167 0.0277778 15
2 0.110417 0.234259 0.0354167 0.0407407 79
2 0.0596354 0.175926 0.0213542 0.0277778 90
2 0.515885 0.8375 0.118229 0.175 76
2 0.0734375 0.1 0.0145833 0.0166667 91
2 0.140625 0.160648 0.0208333 0.0231481 89
