2 0.709635 0.45463 0.0786458 0.0537037 42
2 0.275521 0.262963 0.0322917 0.0314815 5
2 0.252344 0.243056 0.0338542 0.037963 7
2 0.19349 0.306481 0.0411458 0.0537037 79
2 0.0890625 0.141667 0.01875 0.0240741 55
2 0.211458 0.215278 0.0333333 0.0361111 43
2 0.830208 0.426852 0.0927083 0.0685185 86
2 0.367969 0.610185 0.0848958 0.116667 99
2 0.0242188 0.0731481 0.0130208 0.0148148 2
2 0.153646 0.171296 0.01875 0.0240741 15
2 0.0739583 0.1 0.0135417 0.0166667 91
2 0.00755208 0.0583333 0.0140625 0.0148148 3
