2 0.541146 0.611574 0.0791667 0.087963 55
2 0.730208 0.451852 0.0760417 0.0518519 42
2 0.276042 0.2625 0.0322917 0.0324074 5
2 0.295573 0.514352 0.0578125 0.075 4
2 0.252865 0.243519 0.0328125 0.037037 7
2 0.0716146 0.120833 0.0328125 0.0194444 57
2 0.515104 0.826852 0.125 0.148148 8
2 0.182031 0.349074 0.0380208 0.0537037 13
2 0.176823 0.191667 0.0244792 0.0277778 15
2 0.147917 0.201389 0.0229167 0.0268519 2
2 0.211719 0.215741 0.0328125 0.0351852 43
2 0.105208 0.156944 0.01875 0.0212963 3
2 0.0596354 0.176389 0.0223958 0.0324074 60
2 0.140625 0.160648 0.0208333 0.0231481 62
2 0.195833 0.20463 0.0270833 0.0259259 50
