2 0.725 0.817593 0.105208 0.118519 2
2 0.736979 0.697685 0.101042 0.108333 1
2 0.545312 0.625 0.078125 0.0814815 3
2 0.115365 0.260185 0.0307292 0.037037 4
2 0.275521 0.2625 0.0322917 0.0324074 5
2 0.253125 0.243056 0.0333333 0.037963 7
2 0.142187 0.290278 0.0354167 0.0416667 8
2 0.200781 0.496296 0.0536458 0.0777778 6
2 0.0731771 0.1 0.0151042 0.0166667 11
2 0.0981771 0.225463 0.0265625 0.0342593 13
2 0.0601563 0.178704 0.0255208 0.0314815 14
2 0.141146 0.160185 0.0208333 0.0240741 9
2 0.153906 0.170833 0.0192708 0.025 12
2 0.175781 0.191667 0.0234375 0.0277778 15
