2 0.694792 0.62037 0.065625 0.0944444 1
2 0.494792 0.571296 0.0708333 0.0722222 3
2 0.221875 0.534259 0.0583333 0.0833333 6
2 0.67526 0.762963 0.0953125 0.105556 2
2 0.114844 0.261111 0.0307292 0.037037 4
2 0.27526 0.262963 0.0328125 0.0314815 5
2 0.252604 0.243056 0.0333333 0.037963 7
2 0.0976562 0.225463 0.0265625 0.0324074 13
2 0.140625 0.160185 0.0208333 0.0240741 9
2 0.142187 0.290741 0.0364583 0.0425926 8
2 0.0729167 0.1 0.015625 0.0166667 11
2 0.153646 0.17037 0.01875 0.0240741 12
2 0.176302 0.191667 0.0244792 0.0277778 15
2 0.167448 0.325463 0.0453125 0.0601852 10
