2 0.865104 0.939352 0.151042 0.117593 55
2 0.783594 0.44213 0.0744792 0.0527778 42
2 0.276042 0.2625 0.0322917 0.0324074 5
2 0.366667 0.617593 0.0875 0.0944444 8
2 0.146354 0.297685 0.0333333 0.0472222 13
2 0.186719 0.241204 0.0255208 0.0305556 2
2 0.128906 0.181944 0.0234375 0.0268519 3
2 0.253125 0.243981 0.0333333 0.037963 7
2 0.176823 0.191667 0.0244792 0.0277778 15
2 0.211719 0.215741 0.0328125 0.0351852 43
2 0.201042 0.209722 0.0270833 0.0287037 50
2 0.10625 0.245833 0.0302083 0.0398148 52
