2 0.710156 0.45463 0.0776042 0.0537037 42
2 0.490625 0.794907 0.096875 0.139815 4
2 0.275781 0.262963 0.0328125 0.0314815 5
2 0.273438 0.471296 0.05625 0.0740741 13
2 0.108333 0.160648 0.0197917 0.0231481 2
2 0.252865 0.243519 0.0328125 0.037037 7
2 0.341927 0.4 0.0473958 0.0555556 55
2 0.177083 0.191667 0.0239583 0.0277778 15
2 0.0841146 0.130556 0.0182292 0.0203704 3
2 0.211979 0.215741 0.0322917 0.0351852 43
2 0.195312 0.204167 0.025 0.0268519 64
2 0.154167 0.171296 0.0197917 0.0222222 50
2 0.053125 0.172222 0.0125 0.0185185 60
