2 0.709635 0.454167 0.0776042 0.0527778 42
2 0.444531 0.729167 0.0953125 0.15463 73
2 0.815104 0.42963 0.0927083 0.0685185 86
2 0.275781 0.2625 0.0328125 0.0324074 5
2 0.252344 0.242593 0.0317708 0.0351852 7
2 0.271094 0.392593 0.0494792 0.0685185 79
2 0.0510417 0.099537 0.0166667 0.0194444 55
2 0.176563 0.191204 0.0239583 0.0287037 104
2 0.178125 0.393519 0.0395833 0.0537037 103
2 0.153906 0.170833 0.0192708 0.0231481 15
2 0.00442708 0.0523148 0.00885417 0.0138889 2
2 0.0736979 0.1 0.0140625 0.0166667 92
2 0.211458 0.215741 0.0333333 0.0351852 43
