2 0.709375 0.45463 0.078125 0.0537037 42
2 0.275521 0.2625 0.0322917 0.0324074 5
2 0.252344 0.243056 0.0328125 0.037963 7
2 0.103906 0.154167 0.0213542 0.0287037 55
2 0.166406 0.280556 0.0390625 0.0481481 79
2 0.296615 0.508796 0.0682292 0.0916667 99
2 0.856771 0.423611 0.0875 0.0675926 86
2 0.176823 0.341667 0.0421875 0.0666667 73
2 0.0736979 0.1 0.0140625 0.0166667 91
2 0.03125 0.0800926 0.0125 0.0157407 2
2 0.211719 0.215741 0.0328125 0.0351852 43
2 0.141146 0.160185 0.0208333 0.0240741 89
2 0.0148437 0.0648148 0.0130208 0.0148148 3
2 0.153906 0.170833 0.0192708 0.025 15
