2 0.909896 0.474537 0.084375 0.0675926 1
2 0.313802 0.381481 0.0442708 0.0462963 3
2 0.299219 0.505556 0.0588542 0.0851852 29
2 0.440625 0.924537 0.113542 0.14537 6
2 0.16224 0.422685 0.0432292 0.0601852 33
2 0.275521 0.2625 0.03125 0.0324074 5
2 0.442969 0.509722 0.0588542 0.0675926 2
2 0.122917 0.270833 0.03125 0.0398148 4
2 0.217188 0.397685 0.0520833 0.075 10
2 0.252344 0.243981 0.0328125 0.0361111 7
2 0.266667 0.6 0.0677083 0.124074 26
2 0.211458 0.216204 0.0333333 0.0361111 15
2 0.0986979 0.226389 0.0265625 0.0342593 13
2 0.16276 0.323611 0.0390625 0.0453704 8
2 0.0731771 0.1 0.0140625 0.0166667 11
2 0.140885 0.160648 0.0203125 0.0231481 9
