2 0.558594 0.635648 0.0744792 0.0842593 2
2 0.115625 0.261574 0.0302083 0.037963 4
2 0.291667 0.66713 0.075 0.113889 6
2 0.401562 0.472685 0.0552083 0.0583333 3
2 0.27526 0.262963 0.0328125 0.0314815 5
2 0.252344 0.242593 0.0328125 0.037037 7
2 0.148177 0.299537 0.0369792 0.0435185 8
2 0.742708 0.524537 0.0677083 0.0787037 1
2 0.0731771 0.1 0.0151042 0.0166667 11
2 0.153906 0.171296 0.0192708 0.0240741 12
2 0.141146 0.160648 0.0208333 0.0231481 9
2 0.185677 0.345833 0.0463542 0.0694444 10
2 0.0984375 0.225926 0.0260417 0.0333333 13
2 0.175781 0.191667 0.0234375 0.0296296 15
2 0.241406 0.421759 0.0432292 0.0694444 29
