2 0.581771 0.917593 0.119792 0.159259 4
2 0.710417 0.45463 0.078125 0.0537037 42
2 0.308594 0.519907 0.0578125 0.0824074 13
2 0.100521 0.151389 0.01875 0.0231481 2
2 0.0786458 0.125463 0.0177083 0.0194444 3
2 0.309375 0.366667 0.04375 0.0518519 55
2 0.276042 0.262037 0.0322917 0.0333333 5
2 0.253125 0.243519 0.0333333 0.0388889 7
2 0.211719 0.215741 0.0328125 0.037037 43
2 0.177344 0.19213 0.0234375 0.0268519 15
2 0.0552083 0.175926 0.0177083 0.0222222 67
2 0.0739583 0.099537 0.0135417 0.0175926 68
