2 0.228385 0.534722 0.0546875 0.075 33
2 0.331771 0.394444 0.0427083 0.05 2
2 0.235937 0.297685 0.0333333 0.037963 3
2 0.275521 0.2625 0.0322917 0.0324074 5
2 0.428385 0.683333 0.0817708 0.125926 29
2 0.252604 0.243519 0.0322917 0.037037 7
2 0.191146 0.375926 0.040625 0.0537037 8
2 0.279167 0.480093 0.065625 0.0861111 10
2 0.139583 0.29537 0.0333333 0.0425926 4
2 0.0734375 0.100463 0.0135417 0.0157407 11
2 0.140885 0.160648 0.0203125 0.0231481 9
2 0.211719 0.215278 0.0328125 0.0342593 15
2 0.103646 0.235185 0.028125 0.037037 13
