2 0.365885 0.435185 0.0515625 0.0537037 3
2 0.336458 0.752778 0.084375 0.137037 6
2 0.511719 0.584722 0.0671875 0.0768519 2
2 0.27526 0.262963 0.0328125 0.0314815 5
2 0.251823 0.242593 0.0328125 0.037037 7
2 0.403385 0.645833 0.0744792 0.113889 27
2 0.256771 0.447685 0.0520833 0.0731481 29
2 0.116927 0.263889 0.0328125 0.0388889 4
2 0.215104 0.519444 0.0697917 0.107407 26
2 0.152865 0.306481 0.0369792 0.0444444 8
2 0.0731771 0.1 0.0151042 0.0166667 11
2 0.0979167 0.225463 0.0260417 0.0324074 13
2 0.153646 0.170833 0.0197917 0.025 12
2 0.191927 0.363889 0.0411458 0.0666667 10
2 0.140625 0.160648 0.0208333 0.0231481 9
2 0.175521 0.191667 0.0239583 0.0296296 15
