2 0.710417 0.454167 0.078125 0.0546296 42
2 0.328125 0.5625 0.0708333 0.100926 76
2 0.275781 0.2625 0.0328125 0.0324074 5
2 0.253125 0.243519 0.0333333 0.0388889 7
2 0.0619792 0.112963 0.015625 0.0185185 2
2 0.0460938 0.0949074 0.0151042 0.0175926 3
2 0.177083 0.19213 0.0239583 0.0268519 15
2 0.10599 0.243519 0.0317708 0.0444444 73
2 0.211458 0.215741 0.0333333 0.0351852 43
2 0.183073 0.235185 0.0286458 0.037037 55
2 0.153906 0.170833 0.0192708 0.0231481 50
2 0.157812 0.312037 0.0416667 0.0555556 81
