2 0.536458 0.605093 0.0770833 0.0861111 55
2 0.729688 0.451852 0.0760417 0.0518519 42
2 0.297656 0.517593 0.0588542 0.0740741 4
2 0.276042 0.2625 0.0322917 0.0324074 5
2 0.252865 0.243519 0.0328125 0.037037 7
2 0.51901 0.834259 0.126562 0.151852 8
2 0.147396 0.201389 0.0229167 0.0268519 2
2 0.0705729 0.120833 0.0338542 0.0194444 57
2 0.176823 0.191667 0.0244792 0.0277778 15
2 0.211719 0.215741 0.0328125 0.0351852 43
2 0.059375 0.176389 0.0239583 0.0324074 60
2 0.182812 0.350463 0.0385417 0.0546296 13
2 0.140625 0.160648 0.0208333 0.0231481 62
2 0.195833 0.20463 0.0270833 0.0259259 50
