2 0.652604 0.738889 0.0916667 0.101852 2
2 0.475521 0.548611 0.0677083 0.0712963 3
2 0.233073 0.551852 0.0598958 0.0833333 6
2 0.115104 0.261111 0.0302083 0.037037 4
2 0.27526 0.262963 0.0328125 0.0314815 5
2 0.142969 0.291667 0.0369792 0.0425926 8
2 0.691927 0.59537 0.0526042 0.087037 1
2 0.252604 0.243519 0.0322917 0.037037 7
2 0.170313 0.328241 0.0447917 0.0601852 10
2 0.0981771 0.225926 0.0265625 0.0333333 13
2 0.153646 0.170833 0.01875 0.025 12
2 0.140625 0.160185 0.0208333 0.0240741 9
2 0.0731771 0.1 0.0151042 0.0166667 11
2 0.167187 0.434259 0.0583333 0.0851852 26
