2 0.752604 0.715741 0.108333 0.112963 1
2 0.733594 0.827315 0.107813 0.119444 2
2 0.555208 0.636111 0.0802083 0.0814815 3
2 0.115365 0.260185 0.0307292 0.037037 4
2 0.275781 0.2625 0.0328125 0.0324074 5
2 0.253125 0.243056 0.0333333 0.037963 7
2 0.142187 0.290278 0.0354167 0.0416667 8
2 0.197917 0.489352 0.0541667 0.075 6
2 0.0606771 0.179167 0.0244792 0.0305556 14
2 0.0734375 0.1 0.0145833 0.0166667 11
2 0.0981771 0.225463 0.0265625 0.0342593 13
2 0.177083 0.191667 0.0239583 0.0277778 12
2 0.141146 0.160185 0.0208333 0.0240741 9
