2 0.710417 0.45463 0.078125 0.0537037 42
2 0.253906 0.243056 0.0317708 0.037963 7
2 0.276823 0.262037 0.0328125 0.0333333 5
2 0.323177 0.55463 0.0692708 0.1 76
2 0.0632812 0.113426 0.0151042 0.0175926 2
2 0.0471354 0.0962963 0.0151042 0.0166667 3
2 0.10651 0.24213 0.0307292 0.0435185 73
2 0.211719 0.215741 0.0328125 0.0351852 43
2 0.177344 0.191667 0.0244792 0.0277778 15
2 0.196094 0.20463 0.0265625 0.0277778 64
2 0.156771 0.308796 0.040625 0.0546296 81
2 0.185417 0.237037 0.028125 0.037037 55
2 0.154427 0.17037 0.0192708 0.0240741 50
