2 0.403906 0.649074 0.0744792 0.111111 13
2 0.710417 0.45463 0.078125 0.0537037 42
2 0.258333 0.3125 0.0364583 0.0453704 55
2 0.0864583 0.136574 0.0177083 0.0212963 2
2 0.276562 0.2625 0.0322917 0.0324074 5
2 0.253125 0.243056 0.0322917 0.037963 7
2 0.211979 0.215741 0.0333333 0.0351852 43
2 0.059375 0.180093 0.0239583 0.0324074 67
2 0.0664062 0.113889 0.0171875 0.0203704 3
2 0.195573 0.204167 0.0255208 0.0287037 64
2 0.177083 0.191667 0.0239583 0.0277778 15
2 0.154167 0.170833 0.01875 0.0231481 50
