2 0.502604 0.575 0.065625 0.0759259 2
2 0.346875 0.771296 0.0875 0.142593 6
2 0.358594 0.427778 0.0494792 0.0518519 3
2 0.26224 0.45463 0.0515625 0.0759259 29
2 0.27526 0.262963 0.0328125 0.0314815 5
2 0.251823 0.242593 0.0328125 0.037037 7
2 0.117448 0.264352 0.0317708 0.037963 4
2 0.0731771 0.1 0.0151042 0.0166667 11
2 0.0979167 0.225463 0.0260417 0.0324074 13
2 0.153906 0.30787 0.0380208 0.0453704 8
2 0.413021 0.658796 0.0760417 0.115741 27
2 0.140625 0.160648 0.0208333 0.0231481 9
2 0.153646 0.170833 0.0197917 0.025 12
2 0.808333 0.492593 0.0927083 0.0592593 1
2 0.21901 0.525463 0.0744792 0.108333 26
2 0.197917 0.366667 0.0489583 0.0666667 10
2 0.175521 0.191667 0.0239583 0.0296296 15
