2 0.264844 0.611574 0.0661458 0.100926 6
2 0.596354 0.676852 0.0802083 0.0925926 2
2 0.714063 0.548148 0.0635417 0.0833333 1
2 0.115104 0.260648 0.03125 0.037963 4
2 0.430469 0.503241 0.0598958 0.062037 3
2 0.27526 0.262963 0.0328125 0.0314815 5
2 0.252083 0.242593 0.0333333 0.037037 7
2 0.146094 0.295833 0.0380208 0.0416667 8
2 0.178906 0.339815 0.0453125 0.062963 10
2 0.0979167 0.225926 0.0260417 0.0333333 13
2 0.0731771 0.1 0.0151042 0.0166667 11
2 0.153646 0.170833 0.0197917 0.025 12
2 0.181771 0.461111 0.0625 0.0944444 26
2 0.175781 0.191204 0.0234375 0.0287037 15
2 0.140885 0.160648 0.0203125 0.0231481 9
2 0.225521 0.402315 0.046875 0.075 29
