2 0.710417 0.45463 0.078125 0.0537037 42
2 0.275781 0.2625 0.0328125 0.0324074 5
2 0.252865 0.243056 0.0328125 0.037963 7
2 0.0328125 0.0814815 0.0125 0.0166667 2
2 0.107552 0.158333 0.0213542 0.0259259 55
2 0.163021 0.276852 0.0395833 0.05 79
2 0.860156 0.422685 0.0901042 0.0675926 86
2 0.0739583 0.1 0.0145833 0.0166667 91
2 0.172917 0.337037 0.040625 0.062963 73
2 0.211719 0.215741 0.0328125 0.0351852 43
2 0.0169271 0.0671296 0.0119792 0.0138889 3
2 0.153906 0.171296 0.0192708 0.0240741 15
2 0.28776 0.496759 0.0671875 0.0861111 99
2 0.195833 0.203241 0.0260417 0.0287037 92
2 0.140885 0.160185 0.0213542 0.0240741 89
