2 0.709896 0.45463 0.078125 0.0537037 42
2 0.276042 0.2625 0.0322917 0.0324074 5
2 0.15026 0.305556 0.0380208 0.0574074 73
2 0.252865 0.243519 0.0328125 0.037037 7
2 0.1375 0.256481 0.0364583 0.0444444 79
2 0.0393229 0.0884259 0.0130208 0.0175926 2
2 0.123698 0.173611 0.0234375 0.0287037 55
2 0.0742188 0.1 0.0140625 0.0166667 91
2 0.896615 0.416204 0.0901042 0.0638889 86
2 0.211719 0.216204 0.0328125 0.0361111 43
2 0.0239583 0.0731481 0.0135417 0.0148148 3
2 0.195833 0.203704 0.0260417 0.0277778 92
2 0.176563 0.191667 0.0229167 0.0277778 15
