2 0.28151 0.644444 0.0692708 0.109259 6
2 0.732812 0.531944 0.0708333 0.0805556 1
2 0.572917 0.651852 0.0770833 0.0888889 2
2 0.115365 0.261574 0.0307292 0.037963 4
2 0.27526 0.262963 0.0328125 0.0314815 5
2 0.252083 0.242593 0.0333333 0.037037 7
2 0.4125 0.483333 0.0583333 0.0611111 3
2 0.147135 0.298148 0.0380208 0.0425926 8
2 0.0731771 0.1 0.0151042 0.0166667 11
2 0.185417 0.474537 0.05625 0.0953704 26
2 0.0979167 0.225463 0.0260417 0.0324074 13
2 0.153906 0.170833 0.0192708 0.025 12
2 0.140885 0.160648 0.0203125 0.0231481 9
2 0.182812 0.344444 0.0458333 0.062963 10
