2 0.307552 0.675 0.0703125 0.111111 33
2 0.598177 0.913426 0.121354 0.169444 29
2 0.946094 0.413426 0.0713542 0.0490741 42
2 0.271615 0.331019 0.0359375 0.0435185 2
2 0.276042 0.2625 0.0322917 0.0324074 5
2 0.240625 0.434259 0.0416667 0.0574074 8
2 0.192188 0.249074 0.028125 0.0314815 3
2 0.351823 0.581481 0.0807292 0.107407 10
2 0.252604 0.243519 0.0322917 0.037037 7
2 0.111198 0.249074 0.0317708 0.0388889 13
2 0.159896 0.323148 0.0354167 0.0462963 4
2 0.211719 0.215741 0.0338542 0.0351852 43
2 0.141146 0.160648 0.0208333 0.0231481 9
2 0.176563 0.19213 0.0229167 0.0268519 15
