2 0.251823 0.586111 0.0619792 0.0944444 6
2 0.447135 0.520833 0.0630208 0.0657407 3
2 0.701302 0.564352 0.0557292 0.0842593 1
2 0.115104 0.261111 0.0302083 0.037037 4
2 0.275 0.262963 0.0322917 0.0314815 5
2 0.252083 0.242593 0.0322917 0.037037 7
2 0.617708 0.699537 0.0833333 0.0990741 2
2 0.145052 0.293519 0.0369792 0.0425926 8
2 0.0979167 0.225926 0.0260417 0.0333333 13
2 0.17526 0.335185 0.0453125 0.062963 10
2 0.153906 0.170833 0.0192708 0.025 12
2 0.0731771 0.1 0.0151042 0.0166667 11
2 0.140885 0.160185 0.0203125 0.0240741 9
2 0.219271 0.398148 0.0458333 0.0685185 29
2 0.176042 0.191204 0.0239583 0.0287037 15
2 0.175521 0.449537 0.0614583 0.0916667 26
