2 0.982812 0.45463 0.0333333 0.062963 1
2 0.279948 0.344444 0.0401042 0.0425926 3
2 0.393229 0.460185 0.0510417 0.0592593 2
2 0.185156 0.459259 0.0473958 0.0648148 33
2 0.276042 0.2625 0.03125 0.0324074 5
2 0.343229 0.562963 0.065625 0.0981481 29
2 0.252865 0.243056 0.0328125 0.0361111 7
2 0.211458 0.215741 0.0333333 0.0351852 15
2 0.128646 0.278704 0.03125 0.0407407 4
2 0.0997396 0.229167 0.0286458 0.0398148 13
2 0.141146 0.161111 0.0208333 0.0240741 9
2 0.173177 0.340741 0.0401042 0.0481481 8
