2 0.332813 0.567593 0.0645833 0.0851852 4
2 0.720052 0.452778 0.0755208 0.0537037 42
2 0.471615 0.535648 0.0671875 0.075 55
2 0.275781 0.262963 0.0328125 0.0314815 5
2 0.252865 0.243519 0.0328125 0.037037 7
2 0.135937 0.189352 0.0208333 0.0268519 2
2 0.0552083 0.121759 0.0302083 0.0212963 57
2 0.176563 0.191667 0.0239583 0.0277778 15
2 0.211979 0.215741 0.0322917 0.0351852 43
2 0.197917 0.374537 0.0354167 0.0583333 13
2 0.0997396 0.148611 0.0192708 0.0212963 3
2 0.0609375 0.17963 0.0270833 0.0333333 60
