2 0.709896 0.454167 0.078125 0.0527778 42
2 0.815365 0.430093 0.0932292 0.0675926 86
2 0.449219 0.735185 0.0963542 0.157407 73
2 0.275781 0.2625 0.0328125 0.0324074 5
2 0.252865 0.24213 0.0317708 0.0361111 7
2 0.271615 0.393056 0.0494792 0.0675926 79
2 0.0507812 0.099537 0.0161458 0.0194444 55
2 0.177083 0.191204 0.0239583 0.0287037 104
2 0.153906 0.170833 0.0192708 0.0231481 15
2 0.211458 0.215741 0.0333333 0.0351852 43
2 0.179688 0.396296 0.0385417 0.0555556 103
2 0.0046875 0.0523148 0.009375 0.0138889 2
2 0.0734375 0.099537 0.0135417 0.0175926 92
