2 0.74375 0.449074 0.075 0.0537037 42
2 0.617708 0.693056 0.0927083 0.106481 55
2 0.276042 0.262963 0.0322917 0.0333333 5
2 0.26901 0.477315 0.0526042 0.0675926 4
2 0.111198 0.162963 0.0203125 0.0240741 3
2 0.0888021 0.120833 0.0338542 0.0194444 57
2 0.252865 0.243519 0.0328125 0.037037 7
2 0.0580729 0.174537 0.0213542 0.0305556 60
2 0.167969 0.32963 0.0369792 0.0518519 13
2 0.159115 0.214815 0.0244792 0.0259259 2
2 0.211719 0.215741 0.0328125 0.0351852 43
2 0.176823 0.19213 0.0244792 0.0287037 50
2 0.154167 0.170833 0.0197917 0.0231481 15
2 0.452604 0.738889 0.109375 0.122222 8
