2 0.721094 0.541667 0.0661458 0.0814815 1
2 0.586719 0.664815 0.0786458 0.0888889 2
2 0.271354 0.624074 0.0677083 0.101852 6
2 0.115104 0.261111 0.03125 0.0388889 4
2 0.251823 0.242593 0.0328125 0.037037 7
2 0.275 0.2625 0.0322917 0.0324074 5
2 0.146354 0.296296 0.0375 0.0425926 8
2 0.0729167 0.1 0.015625 0.0166667 11
2 0.0979167 0.225926 0.0260417 0.0333333 13
2 0.140885 0.160185 0.0203125 0.0240741 9
2 0.153385 0.170833 0.0192708 0.025 12
2 0.175781 0.191667 0.0244792 0.0296296 15
2 0.423698 0.495833 0.0598958 0.0601852 3
2 0.339323 0.560648 0.0630208 0.0953704 27
