2 0.7 0.790741 0.1 0.111111 2
2 0.51849 0.596759 0.0744792 0.0768519 3
2 0.708594 0.65463 0.0828125 0.0962963 1
2 0.115104 0.260648 0.0302083 0.037963 4
2 0.27526 0.262963 0.0328125 0.0314815 5
2 0.252344 0.243056 0.0317708 0.037963 7
2 0.142187 0.290278 0.0354167 0.0416667 8
2 0.211458 0.517593 0.05625 0.0777778 6
2 0.0981771 0.225926 0.0265625 0.0333333 13
2 0.166146 0.322685 0.04375 0.0601852 10
2 0.153646 0.170833 0.01875 0.025 12
2 0.140625 0.160185 0.0208333 0.0240741 9
2 0.0731771 0.1 0.0151042 0.0166667 11
2 0.176302 0.191667 0.0244792 0.0277778 15
