1 1 0 186 71 34 0 2 -1
1 2 87 92 13 35 0 9 -1
1 3 68 191 101 34 0 2 -1
1 4 107 11 60 54 0 9 -1
1 5 167 188 36 22 0 2 -1
1 6 147 91 13 28 0 9 -1
1 7 229 192 16 10 0 2 -1
1 8 211 189 18 14 0 2 -1
1 9 0 153 114 46 0 7 -1
2 1 21 189 95 32 0 2 -1
2 2 87 93 13 35 0 9 -1
2 4 107 11 60 54 0 9 -1
2 10 0 187 22 30 0 2 -1
2 6 147 91 13 28 0 9 -1
2 9 0 153 116 54 0 7 -1
2 11 144 193 25 19 0 2 -1
2 5 167 188 36 23 0 2 -1
2 7 229 192 15 10 0 2 -1
2 8 211 189 18 14 0 2 -1
3 1 21 189 95 32 0 2 -1
3 2 87 93 13 35 0 9 -1
3 4 107 11 60 54 0 9 -1
3 10 0 187 22 30 0 2 -1
3 6 147 91 13 28 0 9 -1
3 9 0 153 116 54 0 7 -1
3 11 144 193 25 19 0 2 -1
3 5 167 188 36 23 0 2 -1
3 7 229 192 15 10 0 2 -1
3 8 211 189 18 14 0 2 -1
4 3 21 189 95 32 0 2 -1
4 2 87 93 13 35 0 9 -1
4 4 107 11 60 54 0 9 -1
4 10 0 187 22 30 0 2 -1
4 6 147 91 13 28 0 9 -1
4 9 0 153 116 54 0 7 -1
4 11 144 193 25 19 0 2 -1
4 5 167 188 36 23 0 2 -1
4 7 229 192 15 10 0 2 -1
4 8 211 189 18 14 0 2 -1
5 2 87 92 13 35 0 9 -1
5 4 107 11 60 54 0 9 -1
5 6 147 91 13 28 0 9 -1
5 5 167 188 36 23 0 2 -1
5 7 229 192 15 10 0 2 -1
5 9 0 153 114 55 0 7 -1
5 8 211 189 18 14 0 2 -1
6 2 87 92 13 35 0 9 -1
6 4 107 11 60 54 0 9 -1
6 6 147 91 13 28 0 9 -1
6 11 144 193 25 19 0 2 -1
6 9 0 153 114 54 0 7 -1
6 5 167 188 36 23 0 2 -1
6 7 229 192 15 10 0 2 -1
6 8 211 189 18 14 0 2 -1
7 2 87 92 13 35 0 9 -1
7 4 107 11 60 54 0 9 -1
7 6 147 91 13 28 0 9 -1
7 11 144 193 25 19 0 2 -1
7 5 167 188 36 23 0 2 -1
7 7 229 192 15 10 0 2 -1
7 9 0 153 114 54 0 7 -1
7 8 211 189 18 14 0 2 -1
8 2 87 93 13 35 0 9 -1
8 9 0 153 115 55 0 7 -1
8 4 107 11 60 54 0 9 -1
8 6 147 91 13 28 0 9 -1
8 11 144 193 25 19 0 2 -1
8 5 167 188 36 23 0 2 -1
8 7 229 192 16 10 0 2 -1
8 8 211 189 18 14 0 2 -1
9 2 87 93 13 35 0 9 -1
9 9 0 153 115 55 0 7 -1
9 4 107 11 60 54 0 9 -1
9 12 82 185 34 25 0 2 -1
9 6 147 91 13 28 0 9 -1
9 11 144 193 25 19 0 2 -1
9 5 167 188 36 23 0 2 -1
9 7 229 192 16 10 0 2 -1
9 8 211 189 18 14 0 2 -1
10 2 87 93 13 35 0 9 -1
10 9 0 153 115 55 0 7 -1
10 4 107 11 60 54 0 9 -1
10 12 82 185 34 25 0 2 -1
10 6 147 91 13 28 0 9 -1
10 11 144 193 25 19 0 2 -1
10 5 167 188 36 23 0 2 -1
10 7 229 192 16 10 0 2 -1
10 8 211 189 18 14 0 2 -1
11 2 87 93 13 35 0 9 -1
11 12 80 185 35 25 0 2 -1
11 4 107 11 60 54 0 9 -1
11 9 0 153 114 55 0 7 -1
11 6 147 91 13 28 0 9 -1
11 5 167 188 36 23 0 2 -1
11 11 144 193 25 19 0 2 -1
11 7 229 192 16 10 0 2 -1
11 8 211 189 18 14 0 2 -1
12 2 87 93 13 35 0 9 -1
12 12 80 185 35 25 0 2 -1
12 4 107 11 60 54 0 9 -1
12 9 0 153 114 55 0 7 -1
12 6 147 91 13 28 0 9 -1
12 11 144 193 25 19 0 2 -1
12 5 167 188 36 23 0 2 -1
12 7 229 192 16 10 0 2 -1
12 8 211 189 18 14 0 2 -1
13 2 87 93 13 35 0 9 -1
13 12 80 185 35 25 0 2 -1
13 4 107 11 60 54 0 9 -1
13 9 0 153 114 55 0 7 -1
13 6 147 91 13 28 0 9 -1
13 11 144 193 25 19 0 2 -1
13 7 229 192 16 10 0 2 -1
13 5 167 188 36 23 0 2 -1
13 8 211 189 18 14 0 2 -1
14 2 87 93 13 35 0 9 -1
14 12 78 185 37 25 0 2 -1
14 9 0 153 115 55 0 7 -1
14 4 107 11 60 54 0 9 -1
14 6 147 91 14 28 0 9 -1
14 11 144 193 25 19 0 2 -1
14 7 229 192 16 10 0 2 -1
14 5 167 188 36 23 0 2 -1
14 8 211 189 18 14 0 2 -1
15 2 87 93 13 35 0 9 -1
15 12 78 185 37 25 0 2 -1
15 9 0 153 115 55 0 7 -1
15 4 107 11 60 54 0 9 -1
15 6 147 91 14 28 0 9 -1
15 11 144 193 25 19 0 2 -1
15 7 229 192 16 10 0 2 -1
15 5 167 188 36 23 0 2 -1
15 8 211 189 18 14 0 2 -1
16 2 87 93 13 35 0 9 -1
16 12 78 185 37 25 0 2 -1
16 9 0 153 115 55 0 7 -1
16 4 107 11 60 54 0 9 -1
16 6 147 91 14 28 0 9 -1
16 11 144 193 25 19 0 2 -1
16 7 229 192 16 10 0 2 -1
16 5 167 188 36 23 0 2 -1
16 8 211 189 18 14 0 2 -1
17 2 87 93 13 35 0 9 -1
17 4 107 11 60 54 0 9 -1
17 12 77 185 37 25 0 2 -1
17 9 0 153 115 55 0 7 -1
17 6 147 91 14 28 0 9 -1
17 11 144 193 25 19 0 2 -1
17 7 229 192 16 10 0 2 -1
17 5 167 188 36 23 0 2 -1
17 8 211 189 18 14 0 2 -1
18 2 87 93 13 35 0 9 -1
18 4 107 11 60 54 0 9 -1
18 12 77 185 37 25 0 2 -1
18 9 0 153 115 55 0 7 -1
18 6 147 91 14 28 0 9 -1
18 11 144 193 25 19 0 2 -1
18 7 229 192 16 10 0 2 -1
18 5 167 188 36 23 0 2 -1
18 8 211 189 18 14 0 2 -1
19 2 86 93 13 35 0 9 -1
19 4 107 11 60 54 0 9 -1
19 12 77 185 37 25 0 2 -1
19 9 0 153 115 55 0 7 -1
19 6 147 91 13 28 0 9 -1
19 11 144 193 25 19 0 2 -1
19 7 229 192 16 10 0 2 -1
19 8 211 189 18 14 0 2 -1
19 5 167 188 36 23 0 2 -1
20 2 86 93 13 35 0 9 -1
20 9 0 153 115 56 0 7 -1
20 12 75 185 40 25 0 2 -1
20 4 107 11 60 54 0 9 -1
20 6 147 91 13 28 0 9 -1
20 11 144 193 25 19 0 2 -1
20 7 229 192 15 10 0 2 -1
20 5 167 188 36 23 0 2 -1
20 8 211 189 18 14 0 2 -1
20 13 130 192 17 20 0 2 -1
21 2 86 93 14 36 0 9 -1
21 9 0 153 115 56 0 7 -1
21 4 107 11 60 54 0 9 -1
21 12 75 185 40 25 0 2 -1
21 6 147 91 13 28 0 9 -1
21 11 144 193 25 19 0 2 -1
21 7 229 192 15 10 0 2 -1
21 5 167 188 36 23 0 2 -1
21 8 211 189 18 14 0 2 -1
22 2 86 93 14 36 0 9 -1
22 9 0 153 115 56 0 7 -1
22 4 107 11 60 54 0 9 -1
22 12 75 185 40 25 0 2 -1
22 6 147 91 13 28 0 9 -1
22 11 144 193 25 19 0 2 -1
22 7 229 192 15 10 0 2 -1
22 5 167 188 36 23 0 2 -1
22 8 211 189 18 14 0 2 -1
23 2 86 93 14 36 0 9 -1
23 9 0 153 115 56 0 7 -1
23 4 107 11 60 54 0 9 -1
23 6 147 91 13 28 0 9 -1
23 12 72 185 42 25 0 2 -1
23 11 144 193 25 19 0 2 -1
23 7 229 192 15 10 0 2 -1
23 5 167 188 36 23 0 2 -1
23 8 211 189 18 14 0 2 -1
24 2 86 93 14 36 0 9 -1
24 9 0 153 115 56 0 7 -1
24 4 107 11 60 54 0 9 -1
24 6 147 91 13 28 0 9 -1
24 12 72 185 42 25 0 2 -1
24 11 144 193 25 19 0 2 -1
24 7 229 192 15 10 0 2 -1
24 5 167 188 36 23 0 2 -1
24 8 211 189 18 14 0 2 -1
25 2 86 93 14 36 0 9 -1
25 9 0 153 115 56 0 7 -1
25 4 107 11 60 54 0 9 -1
25 6 147 91 13 28 0 9 -1
25 12 72 185 42 25 0 2 -1
25 11 144 193 25 19 0 2 -1
25 7 229 192 15 10 0 2 -1
25 5 167 188 36 23 0 2 -1
25 8 211 189 18 14 0 2 -1
26 2 86 93 14 36 0 9 -1
26 9 0 153 116 56 0 7 -1
26 12 71 185 43 25 0 2 -1
26 4 107 11 60 54 0 9 -1
26 6 147 91 13 28 0 9 -1
26 11 144 193 25 19 0 2 -1
26 7 229 192 15 10 0 2 -1
26 5 167 188 36 23 0 2 -1
26 8 211 189 18 14 0 2 -1
27 2 86 93 14 36 0 9 -1
27 9 0 153 116 56 0 7 -1
27 12 71 185 43 25 0 2 -1
27 4 107 11 60 54 0 9 -1
27 6 147 91 13 28 0 9 -1
27 11 144 193 25 19 0 2 -1
27 7 229 192 15 10 0 2 -1
27 14 255 191 16 10 0 2 -1
27 5 167 188 36 23 0 2 -1
27 8 211 189 18 14 0 2 -1
28 2 86 93 14 36 0 9 -1
28 9 0 153 116 56 0 7 -1
28 12 71 185 43 25 0 2 -1
28 4 107 11 60 54 0 9 -1
28 6 147 91 13 28 0 9 -1
28 11 144 193 25 19 0 2 -1
28 7 229 192 15 10 0 2 -1
28 14 255 191 16 10 0 2 -1
28 5 167 188 36 23 0 2 -1
28 8 211 189 18 14 0 2 -1
29 2 86 92 14 36 0 9 -1
29 12 69 184 46 25 0 2 -1
29 9 0 153 116 56 0 7 -1
29 4 107 11 60 54 0 9 -1
29 6 147 91 13 28 0 9 -1
29 11 144 193 25 19 0 2 -1
29 7 229 192 15 10 0 2 -1
29 5 167 188 36 23 0 2 -1
29 8 211 189 18 14 0 2 -1
29 14 254 192 16 10 0 2 -1
30 2 86 92 14 36 0 9 -1
30 12 69 184 46 25 0 2 -1
30 9 0 153 116 56 0 7 -1
30 4 107 11 60 54 0 9 -1
30 6 147 91 13 28 0 9 -1
30 11 144 193 25 19 0 2 -1
30 7 229 192 15 10 0 2 -1
30 5 167 188 36 23 0 2 -1
30 8 211 189 18 14 0 2 -1
30 14 254 192 16 10 0 2 -1
31 2 86 92 14 36 0 9 -1
31 12 69 184 46 25 0 2 -1
31 9 0 153 116 56 0 7 -1
31 4 107 11 60 54 0 9 -1
31 6 147 91 13 28 0 9 -1
31 11 144 193 25 19 0 2 -1
31 7 229 192 15 10 0 2 -1
31 5 167 188 36 23 0 2 -1
31 8 211 189 18 14 0 2 -1
31 14 254 192 16 10 0 2 -1
32 2 86 92 14 36 0 9 -1
32 12 69 185 47 25 0 2 -1
32 4 107 11 60 54 0 9 -1
32 9 0 153 116 56 0 7 -1
32 6 147 91 13 28 0 9 -1
32 11 144 193 25 19 0 2 -1
32 7 229 192 15 10 0 2 -1
32 5 167 188 36 23 0 2 -1
32 8 211 189 18 14 0 2 -1
32 14 253 192 16 10 0 2 -1
33 2 86 92 14 36 0 9 -1
33 12 69 185 47 25 0 2 -1
33 4 107 11 60 54 0 9 -1
33 9 0 153 116 55 0 7 -1
33 6 147 90 14 28 0 9 -1
33 11 144 193 25 19 0 2 -1
33 7 229 192 15 10 0 2 -1
33 5 167 188 36 23 0 2 -1
33 8 211 189 18 14 0 2 -1
33 14 253 192 16 10 0 2 -1
34 2 86 92 14 36 0 9 -1
34 12 69 185 47 25 0 2 -1
34 4 107 11 60 54 0 9 -1
34 9 0 153 116 55 0 7 -1
34 6 147 90 14 28 0 9 -1
34 11 144 193 25 19 0 2 -1
34 7 229 192 15 10 0 2 -1
34 5 167 188 36 23 0 2 -1
34 8 211 189 18 14 0 2 -1
34 14 253 192 16 10 0 2 -1
35 12 68 184 47 25 0 2 -1
35 2 86 92 14 36 0 9 -1
35 4 107 11 60 54 0 9 -1
35 9 0 152 117 56 0 7 -1
35 6 147 90 14 28 0 9 -1
35 11 144 193 25 19 0 2 -1
35 14 252 191 16 10 0 2 -1
35 7 229 192 15 10 0 2 -1
35 8 211 189 18 14 0 2 -1
35 5 167 188 36 23 0 2 -1
36 12 68 184 47 25 0 2 -1
36 2 86 92 14 36 0 9 -1
36 4 107 11 60 54 0 9 -1
36 9 0 152 117 56 0 7 -1
36 6 147 90 14 28 0 9 -1
36 11 144 193 25 19 0 2 -1
36 14 252 191 16 10 0 2 -1
36 7 229 192 15 10 0 2 -1
36 8 211 189 18 14 0 2 -1
36 5 167 188 36 23 0 2 -1
37 12 68 184 47 25 0 2 -1
37 2 86 92 14 36 0 9 -1
37 4 107 11 60 54 0 9 -1
37 9 0 152 117 56 0 7 -1
37 6 147 90 14 28 0 9 -1
37 11 144 193 25 19 0 2 -1
37 14 252 191 16 10 0 2 -1
37 7 229 192 15 10 0 2 -1
37 8 211 189 18 14 0 2 -1
37 5 167 188 36 23 0 2 -1
38 12 68 185 48 25 0 2 -1
38 2 86 92 14 36 0 9 -1
38 4 107 11 60 54 0 9 -1
38 9 0 152 117 56 0 7 -1
38 6 147 90 14 28 0 9 -1
38 14 250 191 17 10 0 2 -1
38 11 144 193 25 19 0 2 -1
38 7 229 192 15 10 0 2 -1
38 5 167 188 36 23 0 2 -1
38 8 211 189 18 14 0 2 -1
39 2 86 92 14 36 0 9 -1
39 12 68 185 48 25 0 2 -1
39 4 107 11 60 54 0 9 -1
39 9 0 152 117 56 0 7 -1
39 6 147 90 14 28 0 9 -1
39 14 250 191 17 10 0 2 -1
39 11 144 193 25 19 0 2 -1
39 7 229 192 15 10 0 2 -1
39 5 167 188 36 23 0 2 -1
39 8 211 189 18 14 0 2 -1
40 12 68 185 48 25 0 2 -1
40 2 86 92 14 36 0 9 -1
40 4 107 11 60 54 0 9 -1
40 9 0 152 117 56 0 7 -1
40 6 147 90 14 28 0 9 -1
40 14 250 191 17 10 0 2 -1
40 11 144 193 25 19 0 2 -1
40 7 229 192 15 10 0 2 -1
40 5 167 188 36 23 0 2 -1
40 8 211 189 18 14 0 2 -1
41 2 86 92 14 36 0 9 -1
41 12 67 185 49 25 0 2 -1
41 4 107 11 60 54 0 9 -1
41 6 147 90 14 28 0 9 -1
41 9 0 153 116 56 0 7 -1
41 11 144 193 25 19 0 2 -1
41 7 229 192 15 10 0 2 -1
41 14 249 192 16 10 0 2 -1
41 5 167 188 36 23 0 2 -1
41 8 211 189 18 14 0 2 -1
42 2 86 92 14 36 0 9 -1
42 12 67 184 49 25 0 2 -1
42 4 107 11 60 54 0 9 -1
42 6 147 90 14 28 0 9 -1
42 9 0 152 117 56 0 7 -1
42 11 144 193 25 19 0 2 -1
42 7 229 192 15 10 0 2 -1
42 14 249 192 15 9 0 2 -1
42 5 167 188 36 23 0 2 -1
42 8 211 189 18 14 0 2 -1
43 2 86 92 14 36 0 9 -1
43 12 67 184 49 25 0 2 -1
43 4 107 11 60 54 0 9 -1
43 6 147 90 14 28 0 9 -1
43 9 0 152 117 56 0 7 -1
43 11 144 193 25 19 0 2 -1
43 7 229 192 15 10 0 2 -1
43 14 249 192 15 9 0 2 -1
43 5 167 188 36 23 0 2 -1
43 8 211 189 18 14 0 2 -1
44 2 86 92 14 36 0 9 -1
44 12 66 184 49 26 0 2 -1
44 4 107 11 60 54 0 9 -1
44 6 147 90 14 28 0 9 -1
44 9 0 152 118 56 0 7 -1
44 7 229 192 16 10 0 2 -1
44 11 144 193 25 19 0 2 -1
44 5 167 188 36 23 0 2 -1
44 8 211 189 18 14 0 2 -1
44 14 248 192 16 9 0 2 -1
45 2 86 92 14 36 0 9 -1
45 12 66 184 49 26 0 2 -1
45 4 107 11 60 54 0 9 -1
45 6 147 90 14 28 0 9 -1
45 9 0 152 118 56 0 7 -1
45 7 229 192 16 10 0 2 -1
45 11 144 193 25 19 0 2 -1
45 5 167 188 36 23 0 2 -1
45 8 211 189 18 14 0 2 -1
45 14 248 192 16 9 0 2 -1
46 2 86 92 14 36 0 9 -1
46 12 66 184 49 26 0 2 -1
46 4 107 11 60 54 0 9 -1
46 6 147 90 14 28 0 9 -1
46 9 0 152 118 56 0 7 -1
46 7 229 192 16 10 0 2 -1
46 11 144 193 25 19 0 2 -1
46 5 167 188 36 23 0 2 -1
46 8 211 189 18 14 0 2 -1
46 14 248 192 16 9 0 2 -1
47 2 86 92 14 36 0 9 -1
47 12 65 184 49 26 0 2 -1
47 4 107 11 60 54 0 9 -1
47 6 147 90 14 28 0 9 -1
47 9 0 153 116 56 0 7 -1
47 7 229 192 15 10 0 2 -1
47 11 144 193 25 19 0 2 -1
47 8 211 189 18 14 0 2 -1
47 5 167 188 36 23 0 2 -1
47 14 248 192 15 9 0 2 -1
48 16 359 202 116 44 0 2 -1
48 2 86 92 14 36 0 9 -1
48 12 65 184 49 26 0 2 -1
48 4 107 11 60 54 0 9 -1
48 6 147 90 14 28 0 9 -1
48 9 0 153 116 56 0 7 -1
48 7 229 192 15 10 0 2 -1
48 11 144 193 25 19 0 2 -1
48 8 211 189 18 14 0 2 -1
48 5 167 188 36 23 0 2 -1
48 14 248 192 16 9 0 2 -1
49 16 359 201 116 44 0 2 -1
49 2 86 92 14 36 0 9 -1
49 12 65 184 49 26 0 2 -1
49 4 107 11 60 54 0 9 -1
49 6 147 90 14 28 0 9 -1
49 9 0 153 116 56 0 7 -1
49 7 229 192 16 10 0 2 -1
49 11 144 193 25 19 0 2 -1
49 5 167 188 36 23 0 2 -1
49 8 211 189 18 14 0 2 -1
49 14 248 192 16 9 0 2 -1
50 2 86 92 14 36 0 9 -1
50 16 287 198 117 43 0 2 -1
50 12 65 184 49 26 0 2 -1
50 4 107 11 60 54 0 9 -1
50 6 147 90 14 28 0 9 -1
50 9 0 153 116 56 0 7 -1
50 7 229 192 15 10 0 2 -1
50 11 144 193 25 19 0 2 -1
50 5 167 188 36 23 0 2 -1
50 8 211 189 18 14 0 2 -1
50 14 247 192 16 9 0 2 -1
51 2 86 92 14 36 0 9 -1
51 16 287 198 117 43 0 2 -1
51 12 65 184 47 25 0 2 -1
51 4 107 11 60 54 0 9 -1
51 6 147 90 14 28 0 9 -1
51 9 0 153 116 56 0 7 -1
51 7 229 192 16 10 0 2 -1
51 11 144 193 25 19 0 2 -1
51 5 167 188 36 23 0 2 -1
51 8 211 189 18 14 0 2 -1
51 14 247 192 16 9 0 2 -1
52 16 287 198 116 44 0 2 -1
52 2 86 92 14 36 0 9 -1
52 12 65 184 47 25 0 2 -1
52 4 107 11 60 54 0 9 -1
52 6 147 90 14 28 0 9 -1
52 9 0 153 116 55 0 7 -1
52 7 229 192 15 10 0 2 -1
52 11 144 193 25 19 0 2 -1
52 5 167 188 36 23 0 2 -1
52 8 211 189 18 14 0 2 -1
52 14 247 192 15 9 0 2 -1
53 16 217 194 116 44 0 2 -1
53 2 86 92 14 36 0 9 -1
53 12 64 184 49 25 0 2 -1
53 4 107 11 60 54 0 9 -1
53 9 0 153 116 56 0 7 -1
53 6 147 90 14 28 0 9 -1
53 11 144 193 25 19 0 2 -1
53 5 167 188 37 23 0 2 -1
54 16 217 193 116 45 0 2 -1
54 2 86 92 14 36 0 9 -1
54 12 64 184 49 26 0 2 -1
54 4 107 11 60 54 0 9 -1
54 9 0 153 116 56 0 7 -1
54 6 147 90 14 28 0 9 -1
54 11 144 193 25 19 0 2 -1
54 5 167 188 37 23 0 2 -1
55 16 217 194 116 44 0 2 -1
55 2 86 92 14 36 0 9 -1
55 12 64 184 49 26 0 2 -1
55 4 107 11 60 54 0 9 -1
55 9 0 153 116 56 0 7 -1
55 6 147 90 14 28 0 9 -1
55 11 144 193 25 19 0 2 -1
55 5 167 188 37 23 0 2 -1
56 2 86 92 14 36 0 9 -1
56 16 152 191 112 43 0 2 -1
56 12 63 184 50 26 0 2 -1
56 4 107 11 60 54 0 9 -1
56 9 0 153 116 55 0 7 -1
56 6 147 90 14 28 0 9 -1
56 11 142 192 26 19 0 2 -1
57 2 86 92 14 36 0 9 -1
57 12 63 184 49 26 0 2 -1
57 16 151 190 113 43 0 2 -1
57 4 107 11 60 54 0 9 -1
57 9 0 153 116 56 0 7 -1
57 6 147 90 14 28 0 9 -1
57 11 143 192 25 19 0 2 -1
58 2 86 92 14 36 0 9 -1
58 16 151 190 113 43 0 2 -1
58 12 63 184 49 26 0 2 -1
58 4 107 11 60 54 0 9 -1
58 9 0 153 116 56 0 7 -1
58 6 146 90 14 28 0 9 -1
58 11 143 192 25 19 0 2 -1
59 12 63 184 51 26 0 2 -1
59 2 86 92 14 36 0 9 -1
59 16 87 187 110 42 0 2 -1
59 4 107 11 60 54 0 9 -1
59 9 0 153 115 56 0 7 -1
59 6 147 91 13 28 0 9 -1
60 12 63 184 51 26 0 2 -1
60 2 86 92 14 36 0 9 -1
60 16 87 187 110 42 0 2 -1
60 4 107 11 60 54 0 9 -1
60 9 0 153 115 56 0 7 -1
60 6 147 91 13 28 0 9 -1
61 2 86 92 14 36 0 9 -1
61 9 0 152 115 55 0 7 -1
61 4 107 11 60 54 0 9 -1
61 16 30 184 86 41 0 2 -1
61 6 147 91 14 28 0 9 -1
62 2 86 92 14 36 0 9 -1
62 9 0 152 115 55 0 7 -1
62 4 107 11 60 54 0 9 -1
62 16 30 184 86 41 0 2 -1
62 6 147 91 14 28 0 9 -1
62 5 167 188 36 23 0 2 -1
62 7 228 191 15 10 0 2 -1
63 2 86 92 14 36 0 9 -1
63 9 0 152 115 55 0 7 -1
63 4 107 11 60 54 0 9 -1
63 16 30 184 86 41 0 2 -1
63 6 147 91 14 28 0 9 -1
63 5 167 188 36 23 0 2 -1
63 7 228 191 15 10 0 2 -1
64 2 86 92 14 36 0 9 -1
64 9 0 152 115 55 0 7 -1
64 4 107 11 60 54 0 9 -1
64 16 30 184 86 41 0 2 -1
64 6 147 91 14 28 0 9 -1
64 5 167 188 36 23 0 2 -1
64 7 228 191 15 10 0 2 -1
65 2 86 92 14 36 0 9 -1
65 16 0 180 75 41 0 2 -1
65 4 107 11 60 53 0 9 -1
65 6 147 90 14 28 0 9 -1
65 5 167 188 37 23 0 2 -1
65 7 229 191 14 10 0 2 -1
66 2 86 92 14 36 0 9 -1
66 16 0 180 75 41 0 2 -1
66 4 107 11 60 53 0 9 -1
66 6 147 90 14 28 0 9 -1
66 5 167 188 37 23 0 2 -1
66 7 229 191 14 10 0 2 -1
67 2 86 92 14 36 0 9 -1
67 16 0 180 75 41 0 2 -1
67 4 107 11 60 53 0 9 -1
67 6 147 90 14 28 0 9 -1
67 5 167 188 37 23 0 2 -1
67 7 229 191 14 10 0 2 -1
68 12 61 184 50 26 0 2 -1
68 2 86 92 14 36 0 9 -1
68 4 107 11 60 53 0 9 -1
68 6 147 90 14 28 0 9 -1
68 5 167 188 37 23 0 2 -1
68 16 0 180 20 37 0 2 -1
68 11 143 193 26 19 0 2 -1
68 7 229 191 15 10 0 2 -1
69 12 61 184 50 26 0 2 -1
69 2 86 92 14 36 0 9 -1
69 4 107 11 60 53 0 9 -1
69 6 147 90 14 28 0 9 -1
69 5 167 188 37 23 0 2 -1
69 16 0 180 20 37 0 2 -1
69 11 143 193 26 19 0 2 -1
69 7 229 191 15 10 0 2 -1
70 12 61 184 50 26 0 2 -1
70 2 86 92 14 36 0 9 -1
70 4 107 11 60 53 0 9 -1
70 6 147 90 14 28 0 9 -1
70 5 167 188 37 23 0 2 -1
70 16 0 180 20 37 0 2 -1
70 11 143 193 26 19 0 2 -1
70 7 229 191 15 10 0 2 -1
71 12 61 184 50 26 0 2 -1
71 2 86 92 14 36 0 9 -1
71 4 107 11 60 53 0 9 -1
71 6 147 90 14 28 0 9 -1
71 5 167 188 37 23 0 2 -1
71 11 143 193 26 19 0 2 -1
71 9 0 153 116 55 0 7 -1
71 7 229 191 14 10 0 2 -1
71 14 243 191 16 10 0 2 -1
72 12 61 184 50 26 0 2 -1
72 2 86 93 14 36 0 9 -1
72 4 107 11 60 53 0 9 -1
72 6 147 90 14 28 0 9 -1
72 9 0 153 116 55 0 7 -1
72 7 228 192 14 10 0 2 -1
72 11 143 193 26 19 0 2 -1
72 5 167 188 37 22 0 2 -1
73 12 61 184 50 26 0 2 -1
73 2 86 93 14 36 0 9 -1
73 4 107 11 60 53 0 9 -1
73 6 147 90 14 28 0 9 -1
73 9 0 153 116 55 0 7 -1
73 7 228 192 14 10 0 2 -1
73 11 143 193 26 19 0 2 -1
73 5 167 188 37 22 0 2 -1
74 12 61 184 51 25 0 2 -1
74 2 86 93 14 36 0 9 -1
74 4 107 11 60 53 0 9 -1
74 6 147 90 14 28 0 9 -1
74 9 0 153 116 55 0 7 -1
74 11 143 193 26 19 0 2 -1
74 5 167 188 37 22 0 2 -1
75 12 61 184 51 25 0 2 -1
75 2 86 93 14 36 0 9 -1
75 4 107 11 60 53 0 9 -1
75 6 147 90 14 28 0 9 -1
75 9 0 153 116 55 0 7 -1
75 11 143 193 26 19 0 2 -1
75 5 167 188 37 22 0 2 -1
76 12 61 184 51 25 0 2 -1
76 2 86 93 14 36 0 9 -1
76 4 107 11 60 53 0 9 -1
76 6 147 90 14 28 0 9 -1
76 9 0 153 116 55 0 7 -1
76 11 143 193 26 19 0 2 -1
76 5 167 188 37 22 0 2 -1
76 17 129 192 18 20 0 2 -1
77 12 61 184 51 26 0 2 -1
77 2 86 93 14 36 0 9 -1
77 4 107 11 60 53 0 9 -1
77 6 147 90 14 28 0 9 -1
77 9 0 153 116 55 0 7 -1
77 11 143 193 26 19 0 2 -1
77 5 167 188 37 22 0 2 -1
77 17 129 192 18 20 0 2 -1
78 12 61 184 51 26 0 2 -1
78 2 86 93 14 36 0 9 -1
78 4 107 11 60 53 0 9 -1
78 6 147 90 14 28 0 9 -1
78 9 0 153 116 55 0 7 -1
78 11 143 193 26 19 0 2 -1
78 5 167 188 37 22 0 2 -1
78 17 129 192 18 20 0 2 -1
79 12 61 184 51 26 0 2 -1
79 2 86 93 14 36 0 9 -1
79 4 107 11 60 53 0 9 -1
79 6 147 90 14 28 0 9 -1
79 9 0 153 116 55 0 7 -1
79 11 143 193 26 19 0 2 -1
79 5 167 188 37 22 0 2 -1
79 17 129 192 18 20 0 2 -1
80 2 86 93 14 36 0 9 -1
80 12 60 184 51 26 0 2 -1
80 4 107 11 60 54 0 9 -1
80 6 147 90 14 28 0 9 -1
80 9 0 153 116 55 0 7 -1
80 11 143 193 26 19 0 2 -1
80 5 167 188 37 22 0 2 -1
80 17 129 192 18 20 0 2 -1
81 2 86 93 14 36 0 9 -1
81 12 60 184 51 26 0 2 -1
81 4 107 11 60 54 0 9 -1
81 6 147 90 14 28 0 9 -1
81 9 0 153 116 55 0 7 -1
81 11 143 193 26 19 0 2 -1
81 5 167 188 37 22 0 2 -1
81 17 129 192 18 20 0 2 -1
82 2 86 93 14 36 0 9 -1
82 12 60 184 51 26 0 2 -1
82 4 107 11 60 54 0 9 -1
82 6 147 90 14 28 0 9 -1
82 9 0 153 116 55 0 7 -1
82 11 143 193 26 19 0 2 -1
82 5 167 188 37 22 0 2 -1
82 17 129 192 18 20 0 2 -1
83 2 86 93 14 36 0 9 -1
83 12 60 184 52 26 0 2 -1
83 4 107 11 60 54 0 9 -1
83 6 147 90 14 28 0 9 -1
83 9 0 153 115 55 0 7 -1
83 11 143 193 26 19 0 2 -1
83 5 167 188 37 22 0 2 -1
83 17 129 192 18 20 0 2 -1
84 2 86 93 14 36 0 9 -1
84 12 60 184 52 26 0 2 -1
84 4 107 11 60 54 0 9 -1
84 6 147 90 14 28 0 9 -1
84 9 0 153 115 55 0 7 -1
84 11 143 193 26 19 0 2 -1
84 5 167 188 37 22 0 2 -1
84 17 129 192 18 20 0 2 -1
85 2 86 93 14 36 0 9 -1
85 12 60 184 52 26 0 2 -1
85 4 107 11 60 54 0 9 -1
85 6 147 90 14 28 0 9 -1
85 9 0 153 116 55 0 7 -1
85 11 143 193 26 19 0 2 -1
85 5 167 188 37 22 0 2 -1
85 17 129 192 18 20 0 2 -1
86 2 86 93 14 36 0 9 -1
86 12 59 184 52 26 0 2 -1
86 4 107 11 60 54 0 9 -1
86 6 147 90 14 28 0 9 -1
86 9 0 153 115 55 0 7 -1
86 11 143 193 26 19 0 2 -1
86 5 167 188 37 22 0 2 -1
86 17 129 192 18 20 0 2 -1
87 2 86 93 14 36 0 9 -1
87 12 59 184 52 26 0 2 -1
87 4 107 11 60 54 0 9 -1
87 6 147 90 14 28 0 9 -1
87 9 0 153 115 55 0 7 -1
87 11 143 193 26 19 0 2 -1
87 5 167 188 37 22 0 2 -1
87 17 129 192 18 20 0 2 -1
88 2 86 93 14 36 0 9 -1
88 12 59 184 52 26 0 2 -1
88 4 107 11 60 54 0 9 -1
88 6 147 90 14 28 0 9 -1
88 9 0 153 115 55 0 7 -1
88 11 143 193 26 19 0 2 -1
88 5 167 188 37 22 0 2 -1
88 17 129 192 18 20 0 2 -1
89 2 86 93 14 36 0 9 -1
89 12 59 184 52 26 0 2 -1
89 4 107 11 60 54 0 9 -1
89 6 147 90 14 28 0 9 -1
89 9 0 153 116 55 0 7 -1
89 11 143 193 26 19 0 2 -1
89 5 167 188 37 22 0 2 -1
89 17 129 192 18 20 0 2 -1
90 18 344 207 114 38 0 2 -1
90 2 86 93 14 36 0 9 -1
90 12 59 184 53 26 0 2 -1
90 4 107 11 60 54 0 9 -1
90 6 147 90 14 28 0 9 -1
90 9 0 153 115 55 0 7 -1
90 11 143 193 26 19 0 2 -1
90 5 167 188 37 22 0 2 -1
91 2 86 93 14 36 0 9 -1
91 18 344 206 113 39 0 2 -1
91 12 59 184 53 26 0 2 -1
91 4 107 11 60 54 0 9 -1
91 6 147 90 14 28 0 9 -1
91 9 0 153 116 55 0 7 -1
91 11 143 193 26 19 0 2 -1
91 5 167 188 37 22 0 2 -1
92 2 86 93 14 36 0 9 -1
92 18 273 203 115 38 0 2 -1
92 12 59 184 53 26 0 2 -1
92 4 107 11 60 54 0 9 -1
92 6 147 90 14 28 0 9 -1
92 9 0 153 116 55 0 7 -1
92 11 143 193 26 19 0 2 -1
92 5 167 188 37 22 0 2 -1
93 2 86 93 14 36 0 9 -1
93 18 275 203 114 38 0 2 -1
93 12 59 184 53 26 0 2 -1
93 4 107 11 60 54 0 9 -1
93 6 147 90 14 28 0 9 -1
93 9 0 153 116 55 0 7 -1
93 11 143 193 26 19 0 2 -1
93 5 167 188 37 22 0 2 -1
94 18 275 202 114 38 0 2 -1
94 2 86 93 14 36 0 9 -1
94 12 59 184 53 26 0 2 -1
94 4 107 11 60 54 0 9 -1
94 6 147 90 14 28 0 9 -1
94 9 0 153 116 55 0 7 -1
94 11 143 193 26 19 0 2 -1
94 5 167 188 37 22 0 2 -1
95 2 86 93 14 36 0 9 -1
95 12 59 184 53 26 0 2 -1
95 18 208 199 112 37 0 2 -1
95 4 107 11 60 53 0 9 -1
95 6 147 90 14 29 0 9 -1
95 9 0 153 115 55 0 7 -1
95 11 143 193 26 19 0 2 -1
96 2 86 93 14 36 0 9 -1
96 18 208 199 112 38 0 2 -1
96 12 59 184 53 26 0 2 -1
96 4 107 11 60 53 0 9 -1
96 6 147 90 14 29 0 9 -1
96 9 0 153 115 55 0 7 -1
96 11 143 193 26 19 0 2 -1
97 2 86 92 14 36 0 9 -1
97 18 208 199 113 38 0 2 -1
97 12 59 184 53 26 0 2 -1
97 4 107 11 60 53 0 9 -1
97 6 147 90 14 29 0 9 -1
97 9 0 153 115 55 0 7 -1
97 11 143 193 26 19 0 2 -1
98 2 86 92 14 36 0 9 -1
98 12 59 184 53 26 0 2 -1
98 4 107 11 60 54 0 9 -1
98 18 146 192 109 41 0 2 -1
98 6 147 90 14 28 0 9 -1
98 9 0 153 115 55 0 7 -1
99 2 86 93 14 36 0 9 -1
99 12 59 184 53 26 0 2 -1
99 18 145 193 109 40 0 2 -1
99 4 107 11 60 54 0 9 -1
99 6 147 90 14 28 0 9 -1
99 9 0 153 115 55 0 7 -1
100 2 86 93 14 36 0 9 -1
100 12 59 184 53 26 0 2 -1
100 18 145 193 109 40 0 2 -1
100 4 107 11 60 54 0 9 -1
100 6 147 90 14 28 0 9 -1
100 9 0 153 115 55 0 7 -1
101 2 86 93 14 36 0 9 -1
101 12 59 184 53 26 0 2 -1
101 4 107 11 60 54 0 9 -1
101 6 147 90 13 28 0 9 -1
101 9 0 153 115 55 0 7 -1
101 18 83 192 106 36 0 2 -1
102 2 86 93 14 36 0 9 -1
102 12 58 184 54 26 0 2 -1
102 4 107 11 60 54 0 9 -1
102 18 84 192 106 37 0 2 -1
102 6 147 90 13 28 0 9 -1
102 9 0 153 115 55 0 7 -1
103 2 86 92 14 36 0 9 -1
103 12 59 184 51 25 0 2 -1
103 4 107 11 60 54 0 9 -1
103 18 86 192 104 37 0 2 -1
103 9 0 153 115 55 0 7 -1
103 6 147 90 13 28 0 9 -1
104 2 86 92 14 36 0 9 -1
104 18 46 189 70 35 0 2 -1
104 9 0 153 115 62 0 7 -1
104 4 107 11 60 54 0 9 -1
104 6 147 90 14 28 0 9 -1
104 5 167 188 35 22 0 2 -1
105 2 86 92 14 36 0 9 -1
105 18 45 189 70 35 0 2 -1
105 9 0 153 115 61 0 7 -1
105 4 107 11 60 54 0 9 -1
105 6 147 90 14 28 0 9 -1
105 5 167 188 35 22 0 2 -1
106 2 86 92 14 36 0 9 -1
106 18 45 189 70 35 0 2 -1
106 9 0 153 115 61 0 7 -1
106 4 107 11 60 54 0 9 -1
106 6 147 90 14 28 0 9 -1
106 5 167 188 35 22 0 2 -1
107 2 86 92 14 36 0 9 -1
107 18 0 186 72 35 0 2 -1
107 4 107 11 60 54 0 9 -1
107 6 146 90 14 28 0 9 -1
107 5 167 188 37 23 0 2 -1
108 2 86 92 14 36 0 9 -1
108 18 0 186 72 35 0 2 -1
108 4 107 11 60 54 0 9 -1
108 6 146 90 14 28 0 9 -1
108 5 167 188 37 23 0 2 -1
109 2 86 92 14 36 0 9 -1
109 18 0 186 71 34 0 2 -1
109 4 107 11 60 54 0 9 -1
109 6 146 90 14 28 0 9 -1
109 5 167 188 37 23 0 2 -1
110 2 86 92 14 36 0 9 -1
110 4 107 11 60 53 0 9 -1
110 6 147 90 14 28 0 9 -1
110 5 167 188 37 23 0 2 -1
110 12 59 184 54 26 0 2 -1
110 11 144 193 25 18 0 2 -1
111 2 86 92 14 36 0 9 -1
111 4 107 11 60 53 0 9 -1
111 6 147 90 14 28 0 9 -1
111 5 167 188 37 23 0 2 -1
111 12 59 184 54 26 0 2 -1
111 11 144 193 25 18 0 2 -1
112 2 86 92 14 36 0 9 -1
112 4 107 11 60 53 0 9 -1
112 6 147 90 14 28 0 9 -1
112 5 167 188 37 23 0 2 -1
112 12 59 184 54 26 0 2 -1
112 11 144 193 25 18 0 2 -1
113 2 86 92 14 36 0 9 -1
113 4 107 11 60 53 0 9 -1
113 6 146 90 14 28 0 9 -1
113 9 0 153 116 55 0 7 -1
113 12 59 184 54 26 0 2 -1
113 5 167 188 37 23 0 2 -1
113 11 144 193 25 18 0 2 -1
114 2 86 92 14 36 0 9 -1
114 4 107 11 60 53 0 9 -1
114 6 146 90 14 28 0 9 -1
114 9 0 153 116 55 0 7 -1
114 12 59 184 54 26 0 2 -1
114 5 167 188 37 22 0 2 -1
114 11 144 193 25 18 0 2 -1
115 2 86 92 14 36 0 9 -1
115 4 107 11 60 53 0 9 -1
115 6 146 90 14 28 0 9 -1
115 9 0 153 116 55 0 7 -1
115 12 59 184 54 26 0 2 -1
115 5 167 188 37 22 0 2 -1
115 11 144 193 25 18 0 2 -1
116 2 86 92 14 36 0 9 -1
116 4 107 11 60 53 0 9 -1
116 6 146 90 14 28 0 9 -1
116 9 0 153 116 55 0 7 -1
116 12 59 184 54 26 0 2 -1
116 5 167 188 37 22 0 2 -1
116 11 144 193 25 18 0 2 -1
117 2 86 92 14 36 0 9 -1
117 4 107 11 60 53 0 9 -1
117 6 146 90 14 28 0 9 -1
117 9 0 153 116 55 0 7 -1
117 12 59 184 54 26 0 2 -1
117 5 167 188 37 22 0 2 -1
117 11 144 193 25 18 0 2 -1
118 2 86 92 14 36 0 9 -1
118 4 107 11 60 53 0 9 -1
118 6 146 90 14 28 0 9 -1
118 9 0 153 116 55 0 7 -1
118 12 59 184 54 26 0 2 -1
118 5 167 188 37 22 0 2 -1
118 11 144 193 25 18 0 2 -1
119 2 86 92 14 36 0 9 -1
119 4 107 11 60 53 0 9 -1
119 6 146 90 14 28 0 9 -1
119 9 0 153 116 55 0 7 -1
119 12 59 184 54 26 0 2 -1
119 5 167 188 37 22 0 2 -1
119 11 144 193 25 18 0 2 -1
120 2 86 92 14 36 0 9 -1
120 4 107 11 60 53 0 9 -1
120 6 146 90 14 28 0 9 -1
120 9 0 153 116 55 0 7 -1
120 12 59 184 54 26 0 2 -1
120 5 167 188 37 22 0 2 -1
120 11 144 193 25 18 0 2 -1
121 2 86 92 14 36 0 9 -1
121 4 107 11 60 53 0 9 -1
121 12 59 184 53 26 0 2 -1
121 6 146 90 14 28 0 9 -1
121 9 0 153 116 55 0 7 -1
121 11 144 193 25 19 0 2 -1
121 5 167 188 37 22 0 2 -1
122 2 86 92 14 36 0 9 -1
122 4 107 11 60 53 0 9 -1
122 6 146 91 14 28 0 9 -1
122 12 59 184 54 26 0 2 -1
122 9 0 153 116 55 0 7 -1
122 11 144 193 25 19 0 2 -1
122 5 167 188 37 22 0 2 -1
123 2 86 92 14 36 0 9 -1
123 4 107 11 60 53 0 9 -1
123 6 146 91 14 28 0 9 -1
123 12 59 184 54 26 0 2 -1
123 9 0 153 116 55 0 7 -1
123 11 144 193 25 19 0 2 -1
123 5 167 188 37 22 0 2 -1
124 2 86 92 14 36 0 9 -1
124 4 107 11 60 53 0 9 -1
124 6 146 91 14 28 0 9 -1
124 12 59 184 54 26 0 2 -1
124 9 0 153 116 55 0 7 -1
124 11 144 193 25 19 0 2 -1
124 5 167 188 37 22 0 2 -1
125 2 86 92 14 36 0 9 -1
125 4 107 11 60 53 0 9 -1
125 6 146 91 14 28 0 9 -1
125 12 59 184 54 26 0 2 -1
125 9 0 153 116 55 0 7 -1
125 11 144 193 25 19 0 2 -1
125 5 167 188 37 22 0 2 -1
126 2 86 92 14 36 0 9 -1
126 4 107 11 60 53 0 9 -1
126 6 146 91 14 28 0 9 -1
126 12 59 184 54 26 0 2 -1
126 9 0 153 116 55 0 7 -1
126 11 144 193 25 19 0 2 -1
126 5 167 188 37 22 0 2 -1
127 2 86 92 14 36 0 9 -1
127 4 107 11 60 53 0 9 -1
127 6 146 91 14 28 0 9 -1
127 12 59 184 54 26 0 2 -1
127 9 0 153 116 55 0 7 -1
127 11 144 193 25 19 0 2 -1
127 5 167 188 37 22 0 2 -1
128 2 86 92 14 35 0 9 -1
128 4 107 11 60 54 0 9 -1
128 12 58 184 52 26 0 2 -1
128 6 146 91 14 28 0 9 -1
128 9 0 153 116 55 0 7 -1
128 11 144 193 26 19 0 2 -1
128 5 167 188 37 22 0 2 -1
129 2 86 92 14 35 0 9 -1
129 4 107 11 60 54 0 9 -1
129 12 58 184 52 26 0 2 -1
129 6 146 91 14 28 0 9 -1
129 9 0 153 116 55 0 7 -1
129 11 144 193 26 19 0 2 -1
129 5 167 188 37 22 0 2 -1
130 2 86 92 14 35 0 9 -1
130 4 107 11 60 54 0 9 -1
130 12 58 184 52 26 0 2 -1
130 6 146 91 14 28 0 9 -1
130 9 0 153 116 55 0 7 -1
130 11 144 193 26 19 0 2 -1
130 5 167 188 37 22 0 2 -1
131 2 86 92 14 35 0 9 -1
131 4 107 11 60 54 0 9 -1
131 6 146 91 14 28 0 9 -1
131 12 58 184 52 26 0 2 -1
131 9 0 153 116 55 0 7 -1
131 11 144 193 26 19 0 2 -1
131 5 167 188 37 22 0 2 -1
131 19 211 189 18 14 0 2 -1
132 2 86 92 14 35 0 9 -1
132 4 107 11 60 54 0 9 -1
132 6 146 91 14 28 0 9 -1
132 12 58 184 52 26 0 2 -1
132 9 0 153 116 55 0 7 -1
132 11 144 193 26 19 0 2 -1
132 5 167 188 37 22 0 2 -1
132 19 211 189 18 14 0 2 -1
133 2 86 92 14 35 0 9 -1
133 4 107 11 60 54 0 9 -1
133 6 146 91 14 28 0 9 -1
133 12 58 184 52 26 0 2 -1
133 9 0 153 116 55 0 7 -1
133 11 144 193 26 19 0 2 -1
133 5 167 188 37 22 0 2 -1
133 19 211 189 18 14 0 2 -1
134 2 86 92 14 35 0 9 -1
134 4 107 11 60 54 0 9 -1
134 6 146 91 14 28 0 9 -1
134 12 58 184 52 26 0 2 -1
134 9 0 153 116 55 0 7 -1
134 11 144 193 26 19 0 2 -1
134 5 167 188 37 22 0 2 -1
135 2 86 92 14 35 0 9 -1
135 4 107 11 60 54 0 9 -1
135 6 146 91 14 28 0 9 -1
135 12 58 184 52 26 0 2 -1
135 9 0 153 116 55 0 7 -1
135 11 144 193 26 19 0 2 -1
135 5 167 188 37 22 0 2 -1
136 2 86 92 14 35 0 9 -1
136 4 107 11 60 54 0 9 -1
136 6 146 91 14 28 0 9 -1
136 12 58 184 52 26 0 2 -1
136 9 0 153 116 55 0 7 -1
136 11 144 193 26 19 0 2 -1
136 5 167 188 37 22 0 2 -1
137 2 86 92 14 35 0 9 -1
137 4 107 11 60 54 0 9 -1
137 12 58 184 52 26 0 2 -1
137 6 146 91 14 28 0 9 -1
137 9 0 153 116 55 0 7 -1
137 11 144 193 26 19 0 2 -1
137 5 167 188 37 22 0 2 -1
138 2 86 92 14 35 0 9 -1
138 4 107 11 60 54 0 9 -1
138 12 58 184 52 26 0 2 -1
138 6 146 91 14 28 0 9 -1
138 9 0 153 116 55 0 7 -1
138 11 144 193 26 19 0 2 -1
138 5 167 188 37 22 0 2 -1
139 2 86 92 14 35 0 9 -1
139 4 107 11 60 54 0 9 -1
139 12 58 184 52 26 0 2 -1
139 6 146 91 14 28 0 9 -1
139 9 0 153 116 55 0 7 -1
139 11 144 193 26 19 0 2 -1
139 5 167 188 37 22 0 2 -1
140 2 86 92 14 35 0 9 -1
140 4 107 11 60 54 0 9 -1
140 12 58 184 52 26 0 2 -1
140 6 146 91 14 28 0 9 -1
140 9 0 153 116 55 0 7 -1
140 11 144 193 26 19 0 2 -1
140 5 167 188 37 22 0 2 -1
141 2 86 92 14 35 0 9 -1
141 4 107 11 60 54 0 9 -1
141 12 58 184 52 26 0 2 -1
141 6 146 91 14 28 0 9 -1
141 9 0 153 116 55 0 7 -1
141 11 144 193 26 19 0 2 -1
141 5 167 188 37 22 0 2 -1
