
[62.91557051 76.04652359]
[62.67332588 76.04652359]
[62.91557051 76.05900225]
[63.15885406 76.05900225]
[62.92539548 76.07148381]
[62.92539548 76.07148381]
[62.67332588 75.75777552]
[62.67332588 75.75777552]
[62.66354917 75.75777552]
[62.68310462 76.05900225]
[62.67332588 76.04652359]
[62.67332588 76.04652359]
[62.67332588 75.7329504 ]
[62.67332588 75.43328211]
[63.14898462 75.44562906]
[62.9057476  75.7329504  48.37827321]
[62.9057476  75.43328211 48.75677702]
[62.9057476  75.44562906 48.74214277]
[62.9057476  75.43328211]
[75.72054217 62.9057476 ]
[75.72054217]
[75.42093802 47.50499667]
[75.74536152 62.68310462 47.69414624]
[75.74536152 62.68310462 47.70129154]
[75.74536152]
[75.42093802]
[75.42093802]
[75.72054217]
[75.12275238]
[75.12275238]
[75.7329504]
[75.74536152]
[75.72054217]
[75.7329504]
[75.42093802]
[75.1104748]
[75.12275238]
[75.43328211]
[75.14731604]
[75.14731604 43.60766083]
[75.13503279]
[75.14731604]
[75.44562906]
[75.45797887]
[75.17189106]
[75.45797887 43.33175078]
[75.45797887]
[75.45797887]
[75.48268708]
[75.47033154]
[75.48268708]
[75.18418284 42.86646145]
[75.19647745 42.55033267]
[75.19647745 42.55033267]
[75.18418284]
[75.49504547 41.79405925]
[75.49504547 41.49120898]
[75.50740674 40.55203592]
[75.19647745 40.7153081 ]
[74.60356515 40.56409817]
[74.61573638 40.57013082]
[74.61573638 40.26914831]
[74.29709498 40.11939354]
[74.32130981 40.13132735]
[74.34553576 39.98201598]
[74.34553576 39.99390938]
[74.34553576 39.53110695]
[74.06442232 39.23686069]
[74.06442232 38.63679057]
[74.08854083 38.35971425]
[74.10060423 37.63509363]
[73.82056691 37.49380799]
[73.80856241 37.7880746 ]
[73.51788596 37.52731242]
[73.54177522 37.52172608]
[73.82056691 37.53848783]
[73.55372393 37.12234876]
[73.25233298 36.98816807]
[36.43370335 72.97606545]
[72.99972851]
[36.30158244 72.72456693]
[73.28800477 35.87543663]
[72.71279139 35.46933216]
[72.71279139 35.46933216]
[72.71279139 35.08794278]
[72.72456693 34.6942629 ]
[72.43890004 34.29386702]
[33.75229145 72.42718409]
[71.58978903 33.51924237]
[71.60133133 33.39065835]
[71.8947241  32.37581553]
[71.8947241]
[71.35530463 32.0207577 ]
[71.36679929 31.65431674]
[71.35530463 31.28161383]
[71.06448756 31.16440055]
[70.82057954]
[70.55495828 31.02874878]
[70.30176451 30.70345109]
[70.02716069 29.73771537]
[70.02716069 30.09204516]
[70.30176451 30.21542588]
[70.06083751]
[69.52614339 29.50769074]
[69.53726532 29.16729282]
[69.54838971]
[69.01818273 28.04134345]
[69.01818273 27.93733001]
[69.01818273 27.50271484]
[69.31038921]
[69.28823826]
[69.01818273]
[68.77127474]
[68.77127474]
[68.51444841]
[67.98244556]
[68.00407143 25.5777922 ]
[68.0148879  25.34274006 96.08831629]
[96.05406974 68.0148879 ]
[96.05406974]
[67.4873024]
[66.99622683]
[66.74691553 23.23516484]
[66.25142614]
[66.2723674  22.15205031 96.07119071]
[66.2723674  21.9555684  96.07119071]
[66.01565616 21.48124074]
[66.02607961]
[66.29331767]
[66.04693322]
[65.80157706]
[65.82234353]
[65.3139239 95.2839289]
[64.82011657 95.2839289 ]
[64.55957067 19.86100391 95.2839289 ]
[64.3102979  95.31779046]
[64.33048357]
[64.33048357]
[63.81497756 95.33472804]
[63.82497367 95.33472804]
[63.83497188 95.31779046 79.81661369]
[63.58881571 95.71907878]
[63.37344066 95.31779046 79.80331961]
[63.13911726 95.31779046 79.80331961]
[62.45158118 95.33472804]
[43.30594948 95.35167016 62.21130324 16.54835221]
[43.15258532 78.62717192]
[42.49970731 61.98169093 78.94216868]
[42.50603168 78.94216868]
[42.34262799 78.61413891]
[78.33964179 41.8994455 ]
[78.04046037 41.31285502]
[78.33964179 41.44803173 15.042921  ]
[78.32667139 40.98873328]
[78.00175401 40.8305686 ]
[77.69131076 40.66690246]
[77.11300215 39.77991767 94.58876713]
[77.12570841 39.77991767]
[77.43343775 39.8035845 ]
[76.8320984  39.21352674 12.93645951]
[76.85739308 38.92134762 12.64151469 94.62228553]
[76.87004487 38.93871785 12.56819968 95.01979326]
[76.55240834 38.3540078 ]
[37.93030184 76.5649942  12.00771565]
[37.7880746 76.5649942]
[37.51614065 76.26140079]
[37.23474656 76.27392413  9.66528021]
[37.3807861  76.28645038  9.33777065]
[36.96613599 75.37159023]
[ 75.39625841  36.40656053 109.47254729]
[36.1428961 75.1104748]
[ 35.73964788  74.82597521 109.99684234]
[ 35.75564885  75.13503279 109.51384527]
[ 35.47462697  74.53059654 109.51384527]
[ 34.94413406  74.54275098 109.01322603  94.27695935]
[ 73.96805871  34.68907664 109.47254729]
[ 34.29386702  73.70064537 109.47254729]
[ 33.90226387  73.74858109 109.47254729]
[ 72.88152065  33.39566588 109.97605688]
[ 73.19293411  33.26745258 109.97605688]
[ 32.89500334  72.34524658 109.97605688  93.94983236]
[ 32.24581075 109.97605688  72.06137351  93.93323568]
[ 31.87743572  71.77880896 109.49319325  93.55809059]
[ 31.38967863  71.79038873 109.99684234  92.76463667]
[ 31.28633781  71.2519685  109.03374584]
[ 31.42286016  70.9959342  110.01763391]
[ 70.70686967  30.81005532 109.51384527]
[ 70.41918716  30.32998652 109.03374584]
[ 70.14411848  29.97359243 109.01322603  93.15206343]
[ 29.62930133  69.88148636 109.01322603  92.39550768]
[ 69.37069393  29.16729282 109.01322603  92.0443914 ]
[ 69.38178154  29.0559336   91.66288651 108.99271222]
[ 69.41505906 109.03374584  28.48184735  90.93768594]
[ 28.38539672  68.87514832 109.51384527  90.92182532]
[ 68.60701146  27.92874912 109.49319325  90.56205929]
[ 68.34007607 108.53612923  89.80116771]
[ 27.16200096  68.09599062 108.53612923]
[ 27.05605356  68.09599062 108.99271222  48.83335881]
[ 26.28135912 109.03374584  67.61076275]
[ 25.97540932  67.64297634 109.53450336]
[ 25.65978509  67.38029636 109.55516752]
[ 67.15070283  25.45609688 109.03374584]
[ 66.89019031 109.05427166  24.93187992  87.73295325]
[ 66.89019031 109.03374584  24.93187992  87.7480535 ]
[ 66.14685471  24.31985661 108.55651804  86.67675682]
[ 66.13640992 108.06187718  86.72132418  23.92735894]
[ 23.52008613  87.07682414  65.89074891 109.03374584]
[ 65.63576486  86.35287941 109.0748035   23.22030085]
[ 65.91154448  86.72132418 108.57691281]
[ 65.91154448  86.72132418 108.53612923]
[ 86.39722091  64.90807232  21.96270402 109.05427166]
[ 21.57632192  64.67767113  86.05991226 108.59731354]
[64.68783178 85.7535161  21.20443666]
[20.92970308 85.76815496 64.18936288]
[63.95176062 85.7535161  20.46842304]
[63.95176062 85.7388809  20.47521928]
[ 85.39022021  19.82772569  62.97168733 108.57691281]
[19.38029737 85.04333904 62.51714266]
[85.41933228 18.85006925 62.28636364]
[ 85.43389376  62.08550007  18.41474552 108.2444208 ]
[62.0951652  18.07095963 85.11574444]
[61.86607206 17.89876924 85.11574444]
[ 17.39644918  61.16531592  84.77023029  40.7153081  108.22411454]
[ 17.06555707 108.20381419  40.55806654  83.77252397  60.71550662]
[ 40.41338315  60.48258116 108.67897603  83.75834431]
[ 83.46201264 108.2444208   16.1643245   39.69665304]
[ 39.50759955  83.46201264  59.84506312  15.75848635 107.79201162]
[ 39.19020826  59.83581794  83.77252397  15.76425986 107.79201162]
[ 15.04573338  82.80331312 107.28199185  59.62494455]
[ 82.83124215 106.83503371  38.77596247]
[ 38.3540078   82.48332109 106.41039268  59.41486042]
[ 37.91901452  82.17866848 107.3421572   59.42402839]
[ 81.84788873  37.78245106 107.79201162  13.44858462]
[ 81.84788873  37.4882271  107.32209628  13.3787074 ]
[ 37.06710434  82.19249044 107.79201162]
[ 81.8753866   36.51176634 107.3421572 ]
[ 36.52264955  81.55978311 107.3421572 ]
[ 81.24566935  35.83265183 105.94862253  11.56649723]
[ 35.57772427  81.24566935 105.98800715]
[ 35.30316319  81.24566935 106.00770794]
[ 80.32556645 104.6374561   35.17966545]
[ 79.99056927 103.73720404  34.91803866]
[ 80.35238572 103.77540774]
[ 79.41809425  34.14248866 103.7945177 ]
[ 79.75017512 103.77540774]
[ 79.75017512 103.77540774]
[ 78.81128617 103.34794257]
[ 78.81128617 102.48126424  32.03040355   7.29699494]
[ 78.50998615 102.50003285   6.86822933]
[102.48126424  78.54902027]
[ 31.38494128 102.48126424  78.54902027   6.15937864]
[ 31.25328496 102.48126424  78.22301868   6.10009431]
[ 77.93730433  30.77278562 102.941709  ]
[ 77.65283493 102.96059929  30.09204516]
[ 77.06220688 102.53758589]
[ 76.78154455 102.13555684   3.94308789  29.18953937]
[ 76.48952313   3.40315394 101.69847069]
[ 76.48952313   3.29745839 101.69847069]
[ 75.87212681 100.8867951    2.66829183]
[ 75.8845649   48.32378955 101.3192494    2.20247051]
[ 75.59661805  48.88800411 100.8867951    1.79845933  27.9115948 ]
[ 75.29765417 101.35618803  48.5378246    1.50216056]
[ 75.32228812 100.90514914  26.74817622]
[ 75.6337651  100.8867951   26.54285738]
[ 75.6337651    0.6916904  100.51153898]
[ 75.65854417   0.41033102 100.49328655]
[ 75.37159023   0.23184104 100.94187253  25.4401693 ]
[  0.10058544  75.09820007 100.08364354  25.33480309  46.64398888]
[-8.17530266e-02  7.45305965e+01  9.96581655e+01  4.62953538e+01]
[-0.12604582 74.53059654 99.65816554 46.11163769]
[-0.39892698 74.24869866 99.28888242]
[-0.62132165 45.78045957 99.27094487 73.98009451]
[98.86785399 45.79412852 -0.70237889 73.37477901]
[98.88568831 22.78397061 45.44472761]
[98.48464418 72.01484617]
[98.48464418 71.74408524]
[71.4975439  98.50238096 43.92944164]
[98.52012259 70.68415812 43.27903478]
[70.68415812 43.12583956 98.53786908]
[42.96034807 70.43048758 98.55562043]
[42.97952703 98.1563025  69.35960876 20.35249148]
[42.82091258 98.13865287 69.34852603 20.16888004]
[97.74155501 42.34824757 68.84219836]
[97.75910374 41.88652169 68.88613647 18.85328678]
[41.7315488  97.34655868 68.61794554]
[97.36400734 68.36183925 41.27583469 17.81920253]
[40.98260304 96.97099665 68.09599062]
[40.98869495 96.95364725 68.36183925]
[67.36960852 40.10187108 96.15686473]
[67.65371887 39.81592484 96.58005518]
[39.36103174 67.16134788 96.59731078]
[38.92803685 66.64137056 96.61457104]
[38.6320753  66.37261    96.20832454]
[ 38.47624155  66.62028886  96.63183596 109.7685385 ]
[ 37.90907921  65.85957225  96.2426542  109.78926287]
[ 37.63096125  65.88035446  95.47039218 109.87222135]
[ 37.34344163  65.39219218  95.47039218 109.41064576]
[ 36.79586913  64.66751263  95.9238381  109.41064576  13.05359944]
[ 64.68783178  36.6736737   12.60812345  95.12105062 109.45190739]
[ 64.68783178  36.39770361  12.46440063  95.13794264 109.43127355]
[ 35.85625726  63.96178114  94.34370992 109.41064576]
[ 63.73508437  35.45583773  93.57459481 109.41064576]
[ 35.05382232  63.73508437  93.21770479 109.41064576]
[ 34.92585702  63.07010345  93.5911034  109.43127355]
[ 62.60493169  34.66068415  93.6241337  108.99271222   9.41356686]
[ 62.83704457  34.67104362  93.21770479 108.55651804   9.21564301]
[ 62.15319809  34.02008269  92.86255285 108.51574636]
[ 33.50733702  92.86255285  61.9334815  108.97220441   7.95595284]
[ 33.12305449  92.89522596  61.70500954   7.85336505 108.95170261]
[ 32.61604793  61.47745583  93.29985404 108.55651804]
[ 32.23976058  61.00615203   6.74484961  92.9279163  109.51384527]
[ 32.11507819  61.01561558   6.62601485  92.9279163  109.49319325]
[ 31.62480424  60.55755175  91.03293625   6.44766302 108.57691281]
[ 31.14022606  91.42709924 108.53612923   5.86611471]
[ 30.78163454  90.68836536 109.01322603  59.65256954]
[ 30.55045517  90.32972292 109.51384527]
[ 30.0736644   89.61783722 109.49319325  59.22382237]
[ 29.95987824  89.98851955 109.51384527  59.22382237]
[29.62489466 88.51743152  3.46225025]
[29.27922201 87.82361231]
[28.94088499 87.8387356   2.52489745]
[87.50936259 28.48684788]
[28.15936898 86.79567806]
[28.04219064 86.79567806]
[27.49110851 86.48600437]
[26.93091216 86.14822432]
[26.60767785 85.4921761 ]
[26.07210132]
[25.87039542  0.71760224 85.159231  ]
[25.76791715  0.62184434 85.50675579]
[25.243688    0.34712188 84.15576156]
[24.6114839   0.11685679 83.82927759]
[24.30697034 83.85767542 -0.11434961]
[82.87316136 -0.29379696 24.01629144]
[23.51165806 -0.47490763 82.53890318]
[ 23.3154113   -0.56499376  82.53890318 104.20523901]
[ 22.72177283  82.5528072   -0.68392313 103.73720404]
[ 22.23781799  -0.76340749  82.58062544 104.22446292]
[ 21.94831397  82.275493   104.20523901  -0.74783614]
[ 21.66813712  82.28933858 102.92282403  -0.73366652]
[ 82.30318754  21.30249659 101.64280722]
[ 81.62823186  21.11755267  50.02851205 101.22699285]
[ 81.34102799  20.56145924 101.64280722  49.29242046]
[ 20.09499026  81.34102799 101.20855696]
[ 19.74803481  80.72974896 101.64280722]
[ 19.29200358  80.74324859 101.24543388]
[ 19.03477929  80.44635485 100.81342994]
[ 18.85466542  80.11068398 100.79510139]
[18.1590732  79.51061373 99.95675766]
[ 17.55582426  79.23236461 100.01110727]
[ 78.28777861  17.22360063 100.01110727]
[ 78.01465308  16.80826001 100.01110727]
[ 77.70414208  16.57154508 100.02923382]
[ 77.70414208  16.406749   100.43855961]
[77.42066467 15.92581735 99.21716177 44.50431385]
[77.13841766 15.53446387 99.65816554 43.98836059]
[76.55240834 15.13910325 99.25301224 43.81979789]
[76.84474426 14.66466163 43.6648358  99.27094487]
[76.577583   14.19421766 43.36285502 98.85002456]
[76.28645038 14.12280169 43.19649303 98.85002456]
[76.31151166 13.51960661 98.05047696 42.87828931]
[12.99363305 75.72054217 42.40497193 97.67140782]
[12.7138098  42.25453651 75.44562906 97.27681139]
[12.27820385 41.78742857 75.15960213 97.31167557]
[11.92009009 74.02826527 41.31880733 96.49384706]
[11.70317425 73.76057187 41.00088186 96.49384706]
[11.14326221 73.20480847 40.40760467 96.51107937]
[10.72857345 39.97649877 72.64219416 96.4766194 ]
[10.25826076 39.38444172 72.09629655 96.51107937]
[10.05950822 38.94540228 71.55517769 96.12258128]
[ 9.65891934 38.54495775 71.29786994]
[ 9.52578487 38.41224307 71.57824933]
[ 8.80157399 38.14227966 70.48702739]
[37.556759    8.22562438 69.95987422]
[ 7.78566459 37.27520252 69.9822931  95.43644887]
[ 7.35419304 69.47057057 36.72833411 95.43644887]
[ 6.99192468 69.24396564 36.44654052]
[ 6.93299373 68.9851385  36.29820685]
[68.19356205  6.33613513 35.62254088 94.67259665]
[ 5.86652722 67.67521094 35.22945791 94.67259665]
[ 5.4044456  67.69671237 34.82946818 94.68937596]
[ 5.00849435 34.43314958 67.1826449  93.93323568]
[ 4.66869451 66.67301015 34.18117712 93.57459481]
[ 4.61613163 66.68356123 34.055737   93.57459481]
[33.16779838 66.18865633  3.89682225]
[32.40376321  3.35111094 65.70823787 92.4441758 ]
[31.90043251 65.22143973  2.81945715 92.07666203]
[31.65818758  2.40314865 64.98977373]
[ 1.94375796 31.29506784 64.50890248 90.62517958]
[ 1.84523353 31.30451604 64.52916332 90.64096988]
[63.57886486 30.69838051 89.91038581]
[63.11938871 30.34813489 89.57121161]
[62.64400187 29.75584273  0.57787702]
[62.42238271 29.29706672  0.40592665 88.86693835]
[62.19192682  0.13810601 28.95855615 88.53271873]
[62.19192682  0.09791014 28.84781122 87.80849287]
[61.26983611 27.92964828 -0.1373147  86.76592526]
[-0.2696012  86.78079978 60.57631356 27.49110851]
[-0.55224142 27.05317234 86.79567806]
[-0.78162578 26.62004734]
[26.08427235 -0.96477679 86.1334964  59.46071883]
[25.98123132 -0.96337885 86.14822432 59.46989608]
[25.4541187  -1.23290404 85.7974437 ]
[25.04619616 -1.45216031 85.46302765]
[24.42105496 -1.71924716 85.13023634]
[24.02009914]
[83.80089377 23.62332498]
[83.80089377 23.53040157]
[83.15291178 22.63467864]
[83.19504995 22.15900398]
[82.87316136 21.6858049 ]
[21.21164805 82.20631576]
[82.53890318 20.74359289]
[82.53890318 20.65412045]
[19.9261016  81.90289785]
[19.29200358 81.28651754]
[80.97367342 18.8578819 ]
[80.66229959 18.51309168 50.58197699]
[80.35238572 50.7831104  17.90992224]
[80.36580019 50.97736669 17.65017463]
[16.89152824 80.08396939 50.40440774]
[79.79002871 16.56857497]
[79.51061373 16.08537552]
[ 78.90287123  15.6031935  110.31557517]
[ 77.96307507  48.63255651 110.78235477  15.05158858]
[ 77.66565719  13.8413192   48.83335881 110.2947044   14.89683892]
[ 77.36960236  14.35941886  13.48408614  47.92360145 110.78235477]
[76.78154455 13.66803252]
[ 77.10029886  12.43124351 110.84539212  47.05139666]
[ 76.79417857  12.42359903  46.73472436 110.84539212]
[ 76.21133662  12.05381099 109.87222135]
[ 76.5146684   11.83599517 110.84539212  45.69406902]
[ 75.6461532   44.51758176  11.20845834 110.86641701]
[44.20360209 10.72618971 75.06139285]
[75.08592816 10.11553709 43.89164535]
[ 9.78345418 74.7893405  43.41453059]
[42.7836007  74.23660652  9.39322846]
[42.63827416 74.24869866  9.19322925]
[ 42.17352295   8.15563174  73.67669393 110.92952906]
[ 41.70711611  73.15732721   7.46968697 110.44092927]
[  6.98172023  41.09241505  72.60693152 110.44092927]
[ 6.50571997 40.80022443 72.3335518 ]
[ 6.15766212 72.0730119  40.04192103]
[ 5.97833357 71.52058965 39.89294204]
[ 39.33107158   5.22787422 109.51384527  71.26344   ]
[ 38.75290067   4.60327682 110.01763391]
[ 38.03900788   4.0508504  109.53450336]
[ 37.77120671   3.50915081  70.21162104 109.51384527]
[ 37.36409336  69.67569928   2.92496229 108.59731354]
[ 37.22365932  69.41505906   2.82114618 108.63813286]
[36.25290876  2.10200166 69.17762983]
[35.56710773 68.13933203  1.49684461]
[35.18491929 67.89603632  1.00800065]
[67.66446374 34.92847435  0.57636407]
[67.42307091 34.27334904  0.34739073]
[67.42307091 34.28360642  0.25604713]
[33.64317439 -0.0974618  66.65191481]
[66.67301015 -0.31210549 32.87031299]
[32.24581075 65.91154448 -0.53651987]
[31.62569007 65.66681144 -0.80922231]
[31.14557356 65.68752023 -1.12998793]
[31.02405918 65.69787794 -1.22187445]
[30.43563897 -1.52658656 64.47852731]
[29.85094682 -1.8303785  63.99185535]
[29.15395276 63.28432518 -1.99951268]
[28.70172064 63.3041141  -2.25699691]
[ 28.3680102   62.82723805 103.51910887]
[ 28.2674921   62.83704457 103.51910887]
[ 27.36630425 103.0551306 ]
[ 26.70678228 102.65037171  61.43926698]
[ 26.28544327 102.68800928  61.21279578]
[ 25.64776433 101.79134692]
[ 25.12887639 101.39314727]
[ 24.92404248 101.84713501]
[ 24.2060241  100.96024188]
[ 23.60926485 100.56632666]
[ 23.01807962 101.0153806 ]
[22.42521421]
[22.05546671]
[21.76368373]
[21.11031621 98.88568831]
[20.45823204]
[20.0096156  98.53786908]
[19.38357344 98.95707454]
[18.76513916 98.99279705]
[18.50201605 98.99279705]
[17.63898953]
[17.1373709  97.79421555]
[16.64889773 97.41638176]
[16.07692574 97.00570954]
[15.51444965]
[15.36033001]
[14.56688837 96.66637981]
[13.88438344 50.21233254 97.09257412]
[13.21047647 50.40440774]
[12.69438507 50.21988977]
[12.19401542 95.88966566]
[11.90083521 95.88966566]
[94.37711184 11.13386815]
[94.42724809 10.51023267]
[10.18076547 94.03288182 48.06387161]
[ 9.44750955 93.6241337 ]
[ 8.79402261 93.60761636]
[ 8.53129258 93.5911034 ]
[92.5091263   7.84277134]
[  7.10220644  92.17357544 112.67671177]
[ 6.62400466 92.55788399]
[ 6.21088699 92.55788399]
[ 5.56237531 43.97525951]
[ 5.27136346 43.65183528]
[  4.42684963  91.14424962 111.25183459  42.88467   ]
[  3.83000272 110.78235477]
[  3.24045084 110.33645211  41.95508989  91.12833529]
[  2.71568909 109.87222135  91.16016808]
[  2.0931466  109.83072991]
[  1.94297661 110.78235477]
[ 1.19503505 88.63983868]
[  0.71751608 108.97220441  40.58838219]
[ 0.39232244 86.56009308]
[6.95689231e-02 8.62071730e+01 1.09451907e+02]
[-0.14941183]
[-0.23912675]
[ 85.2027501   38.08558667  -0.60352921 108.12267191]
[84.88562703 37.81196866]
[ 84.91451212  36.96788931 109.09534135]
[ 36.7009929   84.92896006 108.61772022]
[36.43568177 84.24144548]
[36.4519712  84.25573851]
[36.18811967 84.24144548]
[35.64380256 83.57501109]
[83.27941956]
[ 83.30757044 105.90926052]
[ 82.37248308  32.94287904 106.43020678]
[ 82.38635235  32.56845834 105.94862253]
[ 81.7516493  106.43020678]
[81.1093486  31.90523672]
[ 31.53521081  81.1093486  104.6374561 ]
[ 80.82431487  31.17315924 104.20523901]
[ 80.20428616 105.1304597 ]
[ 79.8831319  105.11099388]
[ 79.5767939  103.38594192]
[ 78.96838258 102.51880673]
[ 78.65324721 102.50003285  28.71542006]
[ 78.06627987 102.92282403]
[ 78.0791942  102.50003285]
[ 77.78119359 102.48126424]
[ 77.51013941 102.51880673  26.61180043]
[ 77.21473585 102.11688265]
[ 76.62796764 101.69847069  25.54778872]
[ 76.07148381  25.02654617 101.28233136]
[ 75.47033154 100.85010233  24.61536263]
[ 75.47033154 100.86844617  24.40948985]
[ 74.92379172 100.47503918  23.60076906]
[74.65226689 23.0137214  99.65816554]
[ 74.36977284 100.06550195]
[74.10060423 99.23508454]
[73.51788596 99.67620221]
[73.80856241 99.69424386]
[72.96423796 99.69424386]
[72.99972851 98.90352752 20.00710519]
[72.20120762 98.50238096]
[98.50238096 71.94116328]
[98.12100806 71.09879875]
[70.82057954 97.70647187]
[70.04960941]
[69.53726532 96.10544648]
[69.28823826 95.71907878 15.90260887]
[68.49261846 95.7531595 ]
[68.50353224]
[68.23698873]
[68.2587163  95.38556802]
[67.47659134 13.05482505]
[95.03665821 67.4873024 ]
[95.05352767]
[94.29364033]
[94.27695935]
[93.50860411]
[93.91664341 64.7997413 ]
[93.94983236 64.32038967]
[92.78094529 63.82497367]
[63.35362269 92.0443914 ]
[63.10952753 92.42794884]
[6.67626982]
[90.98529253]
[90.60939337]
[90.2511818]
[89.91038581]
[89.91038581]
[88.82085158]
[88.45632169]
[88.4868688]
[87.07682414]
[87.07682414]
[87.07682414]
[86.78079978  0.70075486]
[86.1334964]
[85.76815496]
[85.7974437]
[85.13023634]
[85.13023634]
[84.14149328]
[83.47612527]
[82.84521179]
[82.1648499]
[82.81727592]
[82.49721152]
[82.17866848]
[82.5528072]
[82.24781197]
[81.25928211]
[81.60084239]
[81.3001402]
[79.75017512]
[79.4445126]
[79.47094357]
[79.4841638]
[78.88977831]
[78.90287123]
[77.975965]
[77.38236343]
[76.80681556]
[75.89700589]
[76.50209429]
[76.19882787]
[75.9343462]
[76.24888037]