2 0.405725 0.884912 0.102427 0.175162 2
2 0.462013 0.532042 0.0592673 0.0715635 1
2 0.160409 0.317157 0.0375372 0.0479989 19
2 0.874127 0.482785 0.0848076 0.0643133 24
2 0.287495 0.488893 0.0519985 0.0768842 22
2 0.328379 0.395276 0.0457394 0.0542922 6
2 0.249219 0.574611 0.0715521 0.122247 20
2 0.158063 0.412583 0.0351382 0.0546519 21
2 0.460129 0.725933 0.0841499 0.126341 13
2 0.0156608 0.433266 0.0305414 0.0416798 8
2 0.277849 0.259413 0.0284674 0.0382301 5
2 0.123259 0.265788 0.0284925 0.0447632 15
