2 0.406119 0.885361 0.102367 0.173971 2
2 0.461695 0.532216 0.0587223 0.0706609 1
2 0.160797 0.317146 0.0364426 0.0476678 20
2 0.874458 0.482921 0.0842125 0.063012 22
2 0.2879 0.48921 0.0511883 0.0767745 18
2 0.328619 0.395466 0.045932 0.0545517 6
2 0.248678 0.574143 0.0727095 0.122304 19
2 0.158103 0.412441 0.035405 0.0550435 21
2 0.459833 0.72571 0.0842518 0.125968 12
2 0.0157441 0.433133 0.0305589 0.0417391 8
2 0.277767 0.259259 0.0283277 0.0384161 5
2 0.123259 0.26557 0.0284291 0.0449443 17
9 0.434675 0.464988 0.0136684 0.0643668 23
