2 0.307316 0.514853 0.0597177 0.0890485 22
2 0.929719 0.470706 0.0842422 0.0643352 24
2 0.167079 0.431301 0.0425692 0.058781 21
2 0.27323 0.613827 0.0743278 0.12836 20
2 0.456623 0.94679 0.105317 0.107018 2
2 0.307672 0.371629 0.0441237 0.0493911 6
2 0.164079 0.324574 0.0370658 0.0517577 19
2 0.278099 0.259932 0.0285311 0.0369276 5
2 0.0157629 0.432898 0.0307035 0.0423395 8
2 0.0990945 0.23335 0.0323506 0.0415299 26
2 0.125504 0.267922 0.0297503 0.047946 15
2 0.432083 0.502084 0.0541397 0.060791 1
