2 0.292708 0.494907 0.0572917 0.0824074 9
2 0.421615 0.910185 0.106771 0.177778 2
2 0.160677 0.318056 0.0369792 0.0490741 17
2 0.454427 0.521296 0.0567708 0.0685185 1
2 0.891406 0.478241 0.0828125 0.0675926 31
2 0.015625 0.43287 0.0302083 0.0416667 12
2 0.160938 0.414352 0.034375 0.0583333 26
2 0.255208 0.585648 0.071875 0.119444 28
2 0.322656 0.388889 0.0432292 0.0481481 30
2 0.277865 0.259259 0.0286458 0.037037 5
2 0.470833 0.738889 0.090625 0.135185 33
2 0.0955729 0.229167 0.0317708 0.037963 24
