2 0.957552 0.465741 0.0828125 0.062963 31
2 0.296875 0.361111 0.0385417 0.0444444 30
2 0.320052 0.535185 0.0609375 0.087037 9
2 0.173698 0.440741 0.0484375 0.0648148 26
2 0.549219 0.853704 0.0713542 0.111111 33
2 0.0989583 0.23287 0.03125 0.0398148 24
2 0.169531 0.331944 0.0369792 0.0490741 17
2 0.277344 0.259259 0.0286458 0.037037 5
2 0.416667 0.47963 0.0510417 0.0666667 1
2 0.0153646 0.432407 0.0307292 0.0425926 12
2 0.476823 0.975926 0.0807292 0.0462963 2
2 0.284115 0.644444 0.0817708 0.138889 28
