2 0.960156 0.464352 0.0786458 0.062037 31
2 0.29401 0.359722 0.0411458 0.0435185 30
2 0.322135 0.538426 0.0609375 0.087963 9
2 0.414062 0.478704 0.0520833 0.0648148 1
2 0.16875 0.332407 0.0375 0.05 17
2 0.554688 0.862037 0.06875 0.107407 33
2 0.175781 0.443519 0.0515625 0.062963 26
2 0.0994792 0.23287 0.0302083 0.0398148 24
2 0.277344 0.259259 0.0286458 0.037037 5
2 0.479948 0.980556 0.0682292 0.037037 2
2 0.0153646 0.432407 0.0307292 0.0425926 12
2 0.126302 0.269907 0.0307292 0.0472222 39
2 0.285677 0.648611 0.0828125 0.139815 28
