2 0.4061 0.885363 0.102399 0.173979 2
2 0.461711 0.532173 0.0586949 0.0706818 1
2 0.16081 0.317165 0.0364887 0.0477149 20
2 0.874458 0.482958 0.084133 0.0629322 22
2 0.287906 0.489204 0.051172 0.0767719 18
2 0.32862 0.395501 0.0459417 0.0545317 6
2 0.248675 0.574194 0.0727876 0.122313 19
2 0.158103 0.412407 0.0354475 0.0551475 21
2 0.459814 0.725718 0.0842354 0.125942 12
2 0.0157423 0.433132 0.0305612 0.0417406 8
2 0.277768 0.259262 0.0283267 0.038411 5
2 0.123263 0.26557 0.0284286 0.0449412 17
