[62.91557051399022, 76.04652358547949]
[62.67332587725707, 76.04652358547949]
[62.91557051399022, 76.05900224678656]
[63.15885405712348, 76.05900224678656]
[62.92539548214848, 76.07148381328943]
[62.92539548214848, 76.07148381328943]
[62.67332587725707, 75.75777551908023]
[62.67332587725707, 75.75777551908023]
[62.66354917090759, 75.75777551908023]
[62.68310462123864, 76.05900224678656]
[62.67332587725707, 76.04652358547949]
[62.67332587725707, 76.04652358547949]
[62.67332587725707, 75.73295040175691]
[62.67332587725707, 75.43328210705664]
[63.14898462358102, 75.44562905736812]
[62.90574759747611, 75.73295040175691, 48.37827321443019]
[62.90574759747611, 75.43328210705664, 48.75677701709145]
[62.90574759747611, 75.44562905736812, 48.742142769995766]
[62.90574759747611, 75.43328210705664]
[75.72054216548153, 62.90574759747611]
[75.72054216548153]
[75.4209380163033, 47.50499666845368]
[75.7453615192886, 62.68310462123864, 47.69414624260335]
[75.7453615192886, 62.68310462123864, 47.70129153515579]
[75.7453615192886]
[75.4209380163033]
[75.4209380163033]
[75.72054216548153]
[75.12275238060818]
[75.12275238060818]
[75.73295040175691]
[75.7453615192886]
[75.72054216548153]
[75.73295040175691]
[75.4209380163033]
[75.11047480482982]
[75.12275238060818]
[75.43328210705664]
[75.14731604441025]
[75.14731604441025, 43.60766083109665]
[75.13503279347378]
[75.14731604441025]
[75.44562905736812]
[75.4579788682315]
[75.17189106443172]
[75.4579788682315, 43.33175078131485]
[75.4579788682315]
[75.4579788682315]
[75.48268707559126]
[75.47033154064096]
[75.48268707559126]
[75.18418283548607, 42.86646144819005]
[75.19647744854976, 42.550332674771525]
[75.19647744854976, 42.550332674771525]
[75.18418283548607]
[75.49504547407743, 41.794059252362]
[75.49504547407743, 41.491208977790734]
[75.50740673709515, 40.552035919469404]
[75.19647744854976, 40.715308104928866]
[74.60356515080133, 40.56409817373856]
[74.61573638174957, 40.57013082258669]
[74.61573638174957, 40.26914831223155]
[74.29709498368408, 40.119393539597574]
[74.321309812017, 40.131327352780346]
[74.34553576269732, 39.98201598265593]
[74.34553576269732, 39.99390938356975]
[74.34553576269732, 39.53110694646148]
[74.06442232050937, 39.23686068506967]
[74.06442232050937, 38.636790573624154]
[74.08854083101176, 38.35971424994176]
[74.10060423270076, 37.635093632083155]
[73.82056690680227, 37.49380799267358]
[73.80856241213824, 37.78807460485935]
[73.51788595733578, 37.52731242182014]
[73.5417752153053, 37.52172607969439]
[73.82056690680227, 37.53848783256636]
[73.55372393351303, 37.1223487625977]
[73.25233297628382, 36.98816807329052]
[36.4337033545562, 72.9760654547388]
[72.9997285103046]
[36.30158244282717, 72.72456692810755]
[73.28800476666174, 35.875436628999836]
[72.71279138745403, 35.46933216307825]
[72.71279138745403, 35.46933216307825]
[72.71279138745403, 35.08794278442019]
[72.72456692810755, 34.69426289754904]
[72.43890003778981, 34.29386701643676]
[33.75229144899261, 72.42718408869072]
[71.58978903425634, 33.51924237130927]
[71.60133133284779, 33.39065835011556]
[71.8947240981924, 32.3758155341789]
[71.8947240981924]
[71.3553046289862, 32.02075769625888]
[71.36679929463561, 31.654316739867273]
[71.3553046289862, 31.28161383130655]
[71.06448755544119, 31.164400550901785]
[70.8205795393164]
[70.55495827828071, 31.02874878357382]
[70.30176451458945, 30.703451088668963]
[70.02716068501144, 29.737715367504727]
[70.02716068501144, 30.092045160584945]
[70.30176451458945, 30.215425881236392]
[70.06083750604418]
[69.52614339273367, 29.507690742165966]
[69.5372653227513, 29.16729281888024]
[69.54838971000767]
[69.01818273407635, 28.04134345261379]
[69.01818273407635, 27.93733001391086]
[69.01818273407635, 27.502714836480056]
[69.31038921466133]
[69.28823826078735]
[69.01818273407635]
[68.77127474143238]
[68.77127474143238]
[68.51444841338957]
[67.9824455612059]
[68.00407143043171, 25.577792204024494]
[68.01488790318129, 25.342740059200754, 96.08831628743107]
[96.0540697390775, 68.01488790318129]
[96.0540697390775]
[67.4873023997068]
[66.99622683061955]
[66.74691553333533, 23.235164839683726]
[66.2514261394206]
[66.27236739960098, 22.152050311904098, 96.07119070882581]
[66.27236739960098, 21.955568398402523, 96.07119070882581]
[66.01565616068207, 21.481240740118515]
[66.0260796120891]
[66.29331766506019]
[66.04693322437069]
[65.80157705729428]
[65.82234353075438]
[65.31392390229223, 95.28392890439423]
[64.82011656902077, 95.28392890439423]
[64.55957067073845, 19.86100390683432, 95.28392890439423]
[64.31029790459118, 95.3177904636193]
[64.33048357188743]
[64.33048357188743]
[63.814977563063245, 95.33472804494713]
[63.82497367181555, 95.33472804494713]
[63.83497188485968, 95.3177904636193, 79.81661369096823]
[63.588815710603605, 95.71907877825812]
[63.37344066146943, 95.3177904636193, 79.80331960985419]
[63.13911725517074, 95.3177904636193, 79.80331960985419]
[62.451581179012926, 95.33472804494713]
[43.30594947745749, 95.35167016318101, 62.21130323982238, 16.548352210895487]
[43.15258531534832, 78.62717191558076]
[42.49970730838632, 61.98169093401665, 78.94216868203655]
[42.50603167611409, 78.94216868203655]
[42.34262799463626, 78.61413891041516]
[78.33964179123262, 41.89944550269428]
[78.04046037173613, 41.31285501631121]
[78.33964179123262, 41.448031727395076, 15.042920998258948]
[78.32667138859273, 40.98873327963787]
[78.001754005416, 40.830568595068556]
[77.69131076014756, 40.66690246400783]
[77.1130021477665, 39.77991766836969, 94.58876712934463]
[77.1257084144204, 39.77991766836969]
[77.43343775096056, 39.80358449753049]
[76.83209839796737, 39.2135267410809, 12.93645951393648]
[76.85739308368377, 38.9213476150189, 12.641514686096482, 94.62228553032685]
[76.8700448703874, 38.93871785236591, 12.568199675030192, 95.01979326410523]
[76.5524083401292, 38.35400779655669]
[37.93030184018149, 76.5649942001508, 12.007715653253761]
[37.78807460485935, 76.5649942001508]
[37.51614064610459, 76.26140078802236]
[37.23474656326202, 76.27392412526761, 9.665280208835746]
[37.38078610326869, 76.28645038269597, 9.33777065279087]
[36.96613599064946, 75.37159022901218]
[75.39625840949826, 36.406560529592895, 109.47254728931428]
[36.142896100081856, 75.11047480482982]
[35.73964788349507, 74.82597520799315, 109.99684233581947]
[35.75564884747591, 75.13503279347378, 109.51384527174093]
[35.474626968921754, 74.53059654277651, 109.51384527174093]
[34.94413406112886, 74.54275098493423, 109.0132260260063, 94.27695935102093]
[73.96805871094755, 34.68907663833341, 109.47254728931428]
[34.29386701643676, 73.70064537128788, 109.47254728931428]
[33.9022638674859, 73.74858109466449, 109.47254728931428]
[72.88152064547464, 33.39566588063042, 109.9760568807542]
[73.19293410506697, 33.26745257864084, 109.9760568807542]
[32.895003335823475, 72.345246580045, 109.9760568807542, 93.94983235653768]
[32.24581074670364, 109.9760568807542, 72.06137350605454, 93.93323568411398]
[31.877435724326393, 71.77880895543946, 109.49319324919992, 93.5580905852994]
[31.389678629952435, 71.7903887347152, 109.99684233581947, 92.76463666722219]
[31.28633780941507, 71.25196849960037, 109.03374584050906]
[31.422860157979, 70.99593419571876, 110.0176339138235]
[70.70686967035641, 30.810055324732943, 109.51384527174093]
[70.41918716311716, 30.329986515753912, 109.03374584050906]
[70.14411847527683, 29.97359242986237, 109.0132260260063, 93.15206343278831]
[29.62930133260033, 69.8814863568368, 109.0132260260063, 92.39550767926937]
[69.37069392733633, 29.16729281888024, 109.0132260260063, 92.04439140152012]
[69.38178154132468, 29.055933598092047, 91.66288651330942, 108.99271221728355]
[69.41505906177457, 109.03374584050906, 28.481847346521366, 90.93768593686747]
[28.385396718949544, 68.87514832138238, 109.51384527174093, 90.92182531884546]
[68.60701145998044, 27.928749119854693, 109.49319324919992, 90.56205928960037]
[68.34007607321247, 108.53612922838455, 89.8011677147208]
[27.162000955866088, 68.0959906239857, 108.53612922838455]
[27.05605355665681, 68.0959906239857, 108.99271221728355, 48.83335880642796]
[26.281359123583226, 109.03374584050906, 67.61076274878182]
[25.97540931631887, 67.64297633676055, 109.5345033596082]
[25.65978509214985, 67.38029635648289, 109.55516751547407]
[67.15070282547482, 25.456096877166953, 109.03374584050906]
[66.89019031307467, 109.05427166342969, 24.93187992242091, 87.73295324610243]
[66.89019031307467, 109.03374584050906, 24.93187992242091, 87.74805349503441]
[66.14685471469954, 24.319856608919245, 108.55651804455687, 86.67675682237886]
[66.13640991862593, 108.06187718339783, 86.72132417725823, 23.927358936429357]
[23.520086129425856, 87.07682414464031, 65.89074890968132, 109.03374584050906]
[65.63576486464903, 86.352879410816, 109.0748034974076, 23.220300854513358]
[65.91154448220234, 86.72132417725823, 108.57691281293225]
[65.91154448220234, 86.72132417725823, 108.53612922838455]
[86.39722090938385, 64.9080723171277, 21.962704016832397, 109.05427166342969]
[21.57632191986269, 64.67767112759992, 86.05991225658644, 108.59731353611762]
[64.68783177944015, 85.75351609964216, 21.20443666389162]
[20.9297030789723, 85.76815496476956, 64.18936288002855]
[63.95176062332211, 85.75351609964216, 20.46842304276052]
[63.95176062332211, 85.73888089933843, 20.475219277489316]
[85.39022021168063, 19.827725693600065, 62.97168733044602, 108.57691281293225]
[19.38029736881144, 85.04333904104602, 62.51714265911064]
[85.41933227659399, 18.850069254268256, 62.286363640464124]
[85.43389376323867, 62.085500072010454, 18.414745515830152, 108.24442079698191]
[62.09516520264792, 18.070959626707626, 85.11574443584516]
[61.86607205908958, 17.898769243215735, 85.11574443584516]
[17.396449175785502, 61.16531591563977, 84.77023029357247, 40.715308104928866, 108.22411453843769]
[17.065557067069232, 108.20381419462029, 40.55806653945144, 83.7725239660731, 60.71550662429337]
[40.41338314888931, 60.4825811648642, 108.67897602914934, 83.7583443126854]
[83.46201263963286, 108.24442079698191, 16.164324499320955, 39.696653042922264]
[39.50759954529141, 83.46201263963286, 59.845063123378274, 15.758486352746713, 107.7920116166838]
[39.190208259557714, 59.835817941098334, 83.7725239660731, 15.764259861151787, 107.7920116166838]
[15.04573337869447, 82.80331312107198, 107.28199185488772, 59.624944546368184]
[82.83124214606889, 106.83503371007635, 38.775962474395]
[38.35400779655669, 82.4833210914748, 106.41039267972812, 59.414860418815614]
[37.91901452410531, 82.17866848283842, 107.3421571995825, 59.42402838735685]
[81.84788873089451, 37.78245105756971, 107.7920116166838, 13.448584620985397]
[81.84788873089451, 37.48822709844069, 107.3220962752461, 13.37870740308074]
[37.067104341348625, 82.1924904357022, 107.7920116166838]
[81.87538660015153, 36.51176634093958, 107.3421571995825]
[36.52264954817909, 81.5597831112297, 107.3421571995825]
[81.24566934594654, 35.83265182742994, 105.94862252997854, 11.566497229836475]
[35.57772426639849, 81.24566934594654, 105.98800714818418]
[35.303163189981845, 81.24566934594654, 106.0077079431609]
[80.3255664525885, 104.63745610114032, 35.17966544518724]
[79.99056926621037, 103.73720403940095, 34.9180386571978]
[80.35238571993537, 103.77540773850654]
[79.41809425337485, 34.14248865639438, 103.79451770355055]
[79.75017511915436, 103.77540773850654]
[79.75017511915436, 103.77540773850654]
[78.81128616963935, 103.34794257286126]
[78.81128616963935, 102.4812642429444, 32.03040354950339, 7.296994935418651]
[78.50998615453014, 102.50003285186813, 6.868229325669397]
[102.4812642429444, 78.54902027002345]
[31.384941283529407, 102.4812642429444, 78.54902027002345, 6.15937864364985]
[31.253284963883043, 102.4812642429444, 78.22301867602334, 6.100094312476079]
[77.93730433198279, 30.77278561509243, 102.94170899945969]
[77.65283493197805, 102.96059928512182, 30.092045160584945]
[77.06220688492566, 102.53758588878247]
[76.78154454817536, 102.13555683704129, 3.94308788504979, 29.18953936542853]
[76.48952312565898, 3.403153943001722, 101.69847069433332]
[76.48952312565898, 3.297458389283502, 101.69847069433332]
[75.87212680564552, 100.8867951047902, 2.668291834210504]
[75.88456490048787, 48.323789550114896, 101.31924939983891, 2.2024705101967648]
[75.59661805134769, 48.888004114075365, 100.8867951047902, 1.7984593303446097, 27.911594804591957]
[75.29765416616922, 101.3561880306382, 48.53782459571975, 1.5021605612840234]
[75.32228811527015, 100.90514914230053, 26.748176217439266]
[75.6337651025191, 100.8867951047902, 26.542857382738813]
[75.6337651025191, 0.6916903984127275, 100.511538983101]
[75.65854416785302, 0.4103310203232079, 100.49328655171064]
[75.37159022901218, 0.23184103677081325, 100.94187252788495, 25.440169301399244]
[0.10058544355983035, 75.09820006515572, 100.08364353947402, 25.334803094660447, 46.64398888303124]
[-0.08175302660779482, 74.53059654277651, 99.65816553554582, 46.295353764584156]
[-0.12604581715285335, 74.53059654277651, 99.65816553554582, 46.111637689064004]
[-0.39892698058956255, 74.24869866343633, 99.28888242385233]
[-0.6213216513143502, 45.78045957248065, 99.27094486527113, 73.98009450925957]
[98.86785398793094, 45.794128517892226, -0.702378891198777, 73.37477901469326]
[98.8856883087351, 22.783970608432373, 45.44472760572883]
[98.4846441806148, 72.01484617185803]
[98.4846441806148, 71.74408524140809]
[71.49754390147424, 98.50238095977207, 43.92944164388555]
[98.5201225925729, 70.68415811748181, 43.27903477538547]
[70.68415811748181, 43.12583955997058, 98.5378690810098]
[42.960348069852344, 70.43048757788983, 98.55562042707645]
[42.979527029378, 98.15630249687169, 69.3596087584134, 20.352491484539165]
[42.82091258241689, 98.13865287129774, 69.3485260337472, 20.168880035839628]
[97.74155501028397, 42.348247566735665, 68.84219836264295]
[97.75910374357733, 41.88652168654718, 68.88613646648119, 18.853286782121412]
[41.73154880472639, 97.34655868179131, 68.6179455437852]
[97.36400734215728, 68.36183924521531, 41.275834686473, 17.819202528253502]
[40.98260304320294, 96.97099664521352, 68.0959906239857]
[40.988694952919424, 96.95364724716276, 68.36183924521531]
[67.36960851817477, 40.101871077679874, 96.15686472766205]
[67.65371886916189, 39.81592484357235, 96.58005518064768]
[39.361031740144014, 67.1613478775611, 96.59731077883114]
[38.92803684938679, 66.64137055810465, 96.61457103936468]
[38.63207530066434, 66.37261000086019, 96.20832454213539]
[38.47624155115105, 66.62028886273886, 96.63183596413822, 109.76853849757063]
[37.90907920839783, 65.8595722510186, 96.24265420088138, 109.78926287172365]
[37.63096124729532, 65.88035446416, 95.47039217745376, 109.87222135491419]
[37.34344163242808, 65.39219218413183, 95.47039217745376, 109.410645758905]
[36.795869130023725, 64.66751262964479, 95.92383809560954, 109.410645758905, 13.053599438452837]
[64.68783177944015, 36.67367369699849, 12.608123450679674, 95.12105061706015, 109.45190738941476]
[64.68783177944015, 36.3977036051713, 12.464400626779911, 95.13794264411496, 109.43127354683375]
[35.856257258916116, 63.961781137605435, 94.34370991521153, 109.410645758905]
[63.73508436789729, 35.45583772569552, 93.57459480868482, 109.410645758905]
[35.05382231973882, 63.73508436789729, 93.21770479258547, 109.410645758905]
[34.92585702087965, 63.07010344559196, 93.59110340055759, 109.43127354683375]
[62.604931687441244, 34.66068414932467, 93.62413369670452, 108.99271221728355, 9.413566855372206]
[62.83704457397163, 34.67104362244521, 93.21770479258547, 108.55651804455687, 9.215643008810428]
[62.15319808666931, 34.02008268802605, 92.86255284567943, 108.51574636181005]
[33.5073370160736, 92.86255284567943, 61.93348149595561, 108.97220441170455, 7.95595284434555]
[33.12305449370586, 92.89522596450212, 61.70500954481833, 7.853365045360837, 108.95170260663458]
[32.61604793294153, 61.47745583386171, 93.29985403709316, 108.55651804455687]
[32.23976058006495, 61.006152032696406, 6.7448496087009575, 92.92791630231643, 109.51384527174093]
[32.11507819133712, 61.01561558379399, 6.626014853645383, 92.92791630231643, 109.49319324919992]
[31.62480424090421, 60.557551746616596, 91.03293625332586, 6.44766302492461, 108.57691281293225]
[31.14022605642907, 91.42709923940075, 108.53612922838455, 5.866114707314542]
[30.781634542863895, 90.68836535678548, 109.0132260260063, 59.65256953794366]
[30.550455171189483, 90.32972292371934, 109.51384527174093]
[30.07366440414077, 89.6178372185309, 109.49319324919992, 59.22382237479275]
[29.95987823688573, 89.98851955413338, 109.51384527174093, 59.22382237479275]
[29.624894662160266, 88.517431516395, 3.462250249946594]
[29.279222014150292, 87.82361230903531]
[28.940884988128794, 87.83873559594747, 2.5248974495309136]
[87.50936259246234, 28.48684787844867]
[28.159368983254044, 86.79567806146162]
[28.042190642562918, 86.79567806146162]
[27.491108511736492, 86.48600436721888]
[26.930912160087413, 86.1482243164269]
[26.607677854502548, 85.49217610287727]
[26.072101316817953]
[25.87039541962235, 0.7176022424596987, 85.15923099771595]
[25.767917151326298, 0.6218443379489084, 85.50675579287447]
[25.243687998211986, 0.347121882401235, 84.15576156369451]
[24.61148389553811, 0.1168567893577348, 83.82927758765382]
[24.30697033998645, 83.85767542141714, -0.1143496052088]
[82.8731613590507, -0.29379696090131047, 24.01629144185477]
[23.511658056383094, -0.4749076329690014, 82.53890318123159]
[23.315411299139388, -0.5649937634477307, 82.53890318123159, 104.20523901463032]
[22.72177283307419, 82.55280719958577, -0.6839231345915766, 103.73720403940095]
[22.237817989962323, -0.7634074905401307, 82.58062544012093, 104.22446291633679]
[21.94831396613806, 82.27549299785763, 104.20523901463032, -0.7478361428208498]
[21.668137121299665, 82.2893385772413, 102.92282403407741, -0.7336665239636058]
[82.30318753678671, 21.302496585888562, 101.642807215256]
[81.62823185572609, 21.11755266830049, 50.028512052464116, 101.22699285176418]
[81.34102799174116, 20.56145924072967, 101.642807215256, 49.29242045737521]
[20.0949902584898, 81.34102799174116, 101.20855695848573]
[19.74803480536749, 80.72974895516191, 101.642807215256]
[19.292003581942147, 80.74324859257035, 101.2454338809583]
[19.034779285815013, 80.4463548512991, 100.8134299403419]
[18.854665424019917, 80.1106839811362, 100.7951013850071]
[18.159073200954857, 79.51061372612165, 99.9567576553787]
[17.555824264486716, 79.23236460536, 100.01110726634198]
[78.2877786096686, 17.22360063439171, 100.01110726634198]
[78.01465307850762, 16.80826000640261, 100.01110726634198]
[77.7041420832723, 16.57154507677219, 100.02923381705978]
[77.7041420832723, 16.406748996086012, 100.4385596058138]
[77.42066466559234, 15.92581734600554, 99.21716177456089, 44.50431385296558]
[77.13841766355057, 15.534463869848794, 99.65816553554582, 43.98836059454417]
[76.5524083401292, 15.139103253187185, 99.25301223888465, 43.819797889304866]
[76.84474425989067, 14.664661627906764, 43.66483580014833, 99.27094486527113]
[76.57758300161905, 14.194217657725604, 43.36285501586194, 98.85002455782893]
[76.28645038269597, 14.12280169339005, 43.196493029020104, 98.85002455782893]
[76.31151166218854, 13.519606608785297, 98.05047695822469, 42.87828931195325]
[12.993633054505544, 75.72054216548153, 42.404971926332706, 97.67140782468384]
[12.71380980443369, 42.254536506535295, 75.44562905736812, 97.27681139005968]
[12.278203846190904, 41.78742856840636, 75.15960213440141, 97.31167556983479]
[11.920090089816236, 74.0282652726975, 41.31880733482484, 96.49384705890824]
[11.703174248144276, 73.76057187384893, 41.00088185916384, 96.49384705890824]
[11.143262208023518, 73.20480847234575, 40.407604667545385, 96.51107937365336]
[10.728573451466993, 39.976498770354496, 72.64219416366824, 96.47661939519544]
[10.25826075890497, 39.384441722226406, 72.09629655330336, 96.51107937365336]
[10.059508217303353, 38.9454022767473, 71.5551776898657, 96.12258127865854]
[9.65891933898179, 38.54495775127188, 71.29786993853449]
[9.525784866294227, 38.412243071197125, 71.57824932814432]
[8.80157399271493, 38.14227966468519, 70.4870273851488]
[37.55675899749957, 8.225624381031402, 69.9598742219446]
[7.785664589357801, 37.27520251769619, 69.98229309824508, 95.43644887178496]
[7.35419303678812, 69.47057057274799, 36.72833411284337, 95.43644887178496]
[6.991924680468487, 69.2439656407432, 36.44654052105816]
[6.932993731755052, 68.98513850173165, 36.29820685298381]
[68.1935620486459, 6.3361351302196836, 35.622540876226, 94.67259664769367]
[5.866527215924171, 67.67521094314748, 35.22945790898203, 94.67259664769367]
[5.404445601209037, 67.69671236779283, 34.829468175901106, 94.68937596487135]
[5.0084943500865355, 34.43314957895397, 67.18264489874298, 93.93323568411398]
[4.668694505395864, 66.67301015057464, 34.181177118223204, 93.57459480868482]
[4.616131625562594, 66.68356123085218, 34.05573700408746, 93.57459480868482]
[33.16779838223512, 66.18865633252695, 3.896822251295668]
[32.40376321494172, 3.3511109394126706, 65.70823786976817, 92.44417580206509]
[31.90043250823417, 65.22143973256196, 2.819457146686083, 92.0766620334511]
[31.65818758125037, 2.403148646142797, 64.9897737329689]
[1.943757960864962, 31.295067836618628, 64.50890248358749, 90.62517957582962]
[1.8452335274781553, 31.304516035522695, 64.52916332044924, 90.64096987695757]
[63.57886486439869, 30.698380510927773, 89.91038580580008]
[63.11938871115445, 30.348134888229982, 89.57121161174231]
[62.64400186855783, 29.755842731441287, 0.5778770190313236]
[62.42238270596156, 29.297066722855885, 0.40592664558940494, 88.86693834869364]
[62.191926817203104, 0.13810601389158406, 28.958556153626592, 88.53271873057159]
[62.191926817203104, 0.09791014342998405, 28.84781122047995, 87.80849286544628]
[61.26983610736122, 27.929648283817027, -0.13731470366896892, 86.76592525536154]
[-0.2696011995646037, 86.7807997820623, 60.576313561078194, 27.491108511736492]
[-0.552241423432188, 27.053172343295458, 86.79567806146162]
[-0.7816257801149, 26.6200473415294]
[26.0842723469464, -0.9647767851808173, 86.13349640060757, 59.46071882762799]
[25.981231323575415, -0.9633788499652758, 86.1482243164269, 59.46989608204251]
[25.45411869943921, -1.2329040400187614, 85.79744369500308]
[25.046196157754565, -1.4521603146168027, 85.46302765171797]
[24.42105496374142, -1.719247160668325, 85.13023634335306]
[24.02009914074409]
[83.80089377266518, 23.62332497766291]
[83.80089377266518, 23.530401567764837]
[83.15291177792784, 22.63467863710413]
[83.19504995251864, 22.159003983907976]
[82.8731613590507, 21.685804902710245]
[21.211648047229602, 82.20631576007887]
[82.53890318123159, 20.74359288937096]
[82.53890318123159, 20.654120451744163]
[19.926101600714016, 81.90289785403039]
[19.292003581942147, 81.28651753597848]
[80.97367341817218, 18.857881900830833]
[80.66229959307046, 18.513091676215403, 50.581976991163614]
[80.35238571993537, 50.78311040217968, 17.909922243905072]
[80.36580019276367, 50.977366692422656, 17.650174629573087]
[16.891528239029064, 80.08396939376206, 50.404407735979355]
[79.7900287132596, 16.568574972785616]
[79.51061372612165, 16.085375516914695]
[78.90287122974546, 15.603193502060924, 110.31557517408764]
[77.9630750672682, 48.63255650940656, 110.78235476617476, 15.051588583311023]
[77.66565718556924, 13.841319196897873, 48.83335880642796, 110.29470439869519, 14.896838917497869]
[77.36960235680019, 14.359418860936694, 13.484086136004958, 47.92360144571845, 110.78235476617476]
[76.78154454817536, 13.668032518562795]
[77.10029886253902, 12.431243514223324, 110.84539211630701, 47.05139665977286]
[76.79417857301667, 12.423599028584283, 46.734724356406936, 110.84539211630701]
[76.21133662045895, 12.053810987543654, 109.87222135491419]
[76.51466839843843, 11.835995174269746, 110.84539211630701, 45.694069024582326]
[75.6461531980643, 44.51758176086146, 11.208458344665223, 110.86641701008224]
[44.203602086250385, 10.726189708053035, 75.06139285293524]
[75.08592816060329, 10.115537085076006, 43.89164534624172]
[9.78345418324727, 74.78934050458736, 43.4145305863945]
[42.783600696273076, 74.23660652288476, 9.393228458057317]
[42.63827415976817, 74.24869866343633, 9.193229251599416]
[42.17352295424244, 8.155631735634776, 73.67669393247718, 110.92952906130722]
[41.707116113346785, 73.15732720936546, 7.469686966724476, 110.44092926944725]
[6.981720230065247, 41.09241504515944, 72.60693152394161, 110.44092926944725]
[6.505719970085169, 40.80022443327536, 72.33355180161911]
[6.157662115915896, 72.07301189683938, 40.04192102732776]
[5.9783335724729225, 71.52058965422309, 39.892942042502746]
[39.331071576285055, 5.227874215768698, 109.51384527174093, 71.26344000333992]
[38.75290067337107, 4.603276817928729, 110.0176339138235]
[38.03900787840219, 4.050850404375244, 109.5345033596082]
[37.77120671435415, 3.5091508130620963, 70.21162104063524, 109.51384527174093]
[37.36409335819724, 69.67569928303095, 2.9249622914687494, 108.59731353611762]
[37.22365931901595, 69.41505906177457, 2.821146184330319, 108.6381328573533]
[36.25290876336058, 2.102001656967234, 69.17762983319096]
[35.56710773460333, 68.13933203288445, 1.4968446138089382]
[35.184919289527684, 67.89603632154942, 1.0080006549076364]
[67.66446373770347, 34.92847434620967, 0.5763640652244668]
[67.42307090553794, 34.273349043803144, 0.34739072754909633]
[67.42307090553794, 34.28360642203485, 0.25604713215094144]
[33.64317439319218, -0.09746179958079759, 66.65191481493659]
[66.67301015057464, -0.3121054939042027, 32.87031298913581]
[32.24581074670364, 65.91154448220234, -0.5365198694486666]
[31.625690067678782, 65.66681144167848, -0.8092223062239658]
[31.145573563892217, 65.68752022592038, -1.1299879328638474]
[31.024059183035426, 65.69787794003824, -1.2218744520806166]
[30.43563896797456, -1.5265865647021712, 64.4785273096648]
[29.850946822232522, -1.8303785037429545, 63.99185535235941]
[29.15395276124696, 63.284325178814676, -1.999512679503336]
[28.70172064191319, 63.304114097209464, -2.2569969103838803]
[28.36801020484244, 62.8272380475008, 103.51910886913763]
[28.267492095830136, 62.83704457397163, 103.51910886913763]
[27.36630424836087, 103.05513059637369]
[26.70678228301802, 102.65037171219167, 61.439266977464705]
[26.28544326679411, 102.6880092836166, 61.21279577637529]
[25.64776432732689, 101.79134692145853]
[25.128876387551415, 101.39314726530304]
[24.924042479713883, 101.84713501071566]
[24.206024101371632, 100.9602418802169]
[23.609264848780704, 100.56632665500987]
[23.018079624680365, 101.01538060094367]
[22.425214205078856]
[22.055466706738656]
[21.76368372761593]
[21.110316207094012, 98.8856883087351]
[20.458232044140935]
[20.009615600010825, 98.5378690810098]
[19.383573443757896, 98.95707453924118]
[18.765139163582727, 98.99279705108674]
[18.50201604834504, 98.99279705108674]
[17.638989529758724]
[17.137370900575846, 97.79421554808991]
[16.648897725661723, 97.41638176396597]
[16.076925735895387, 97.00570954152707]
[15.514449650284917]
[15.360330005336449]
[14.566888373052663, 96.66637981396967]
[13.88438343543229, 50.21233253600265, 97.0925741227379]
[13.210476471037337, 50.404407735979355]
[12.694385074765744, 50.21988976596035]
[12.194015422655298, 95.88966566189382]
[11.900835211191675, 95.88966566189382]
[94.37711184405171, 11.133868149150448]
[94.4272480856491, 10.510232674830375]
[10.180765467019137, 94.03288181852255, 48.063871605639015]
[9.447509550801716, 93.62413369670452]
[8.794022606878668, 93.6076163626523]
[8.531292580262374, 93.59110340055759]
[92.50912630210475, 7.8427713400634]
[7.102206440919624, 92.1735754357885, 112.67671176574649]
[6.624004656839871, 92.55788398817936]
[6.210886987471255, 92.55788398817936]
[5.562375306162702, 43.97525950581043]
[5.271363459806186, 43.65183528391583]
[4.42684963330891, 91.14424961577501, 111.25183458587017, 42.88466999795668]
[3.8300027203191522, 110.78235476617476]
[3.2404508431024373, 110.33645210888497, 41.95508988664149, 91.12833529234086]
[2.7156890860643035, 109.87222135491419, 91.16016808168868]
[2.0931466035345747, 109.83072991062079]
[1.9429766079883777, 110.78235476617476]
[1.1950350546259805, 88.6398386766171]
[0.7175160834522376, 108.97220441170455, 40.588382193657026]
[0.39232243861980787, 86.56009308358215]
[0.06956892309123974, 86.20717298284724, 109.45190738941476]
[-0.1494118263767905]
[-0.23912674543334167]
[85.2027500979041, 38.085586668151876, -0.6035292057416759, 108.12267191496537]
[84.88562703314493, 37.81196866371836]
[84.91451212098181, 36.96788930705043, 109.09534134508363]
[36.70099289880413, 84.92896005771517, 108.61772021672135]
[36.43568177261427, 84.24144547780163]
[36.45197120357349, 84.2557385107252]
[36.188119667635945, 84.24144547780163]
[35.64380255686996, 83.5750110913128]
[83.2794195646184]
[83.30757043949367, 105.90926052452942]
[82.37248308028974, 32.94287903852119, 106.43020677588464]
[82.38635234682401, 32.56845834183677, 105.94862252997854]
[81.75164930495934, 106.43020677588464]
[81.10934860314569, 31.90523671623947]
[31.535210814568366, 81.10934860314569, 104.63745610114032]
[80.82431487098425, 31.173159240711843, 104.20523901463032]
[80.20428615925677, 105.130459699107]
[79.88313190441312, 105.11099387982487]
[79.57679390404306, 103.38594191908174]
[78.96838257655472, 102.51880673307357]
[78.65324721181234, 102.50003285186813, 28.715420064465878]
[78.06627986823392, 102.92282403407741]
[78.07919419541395, 102.50003285186813]
[77.78119359113356, 102.4812642429444]
[77.51013941346471, 102.51880673307357, 26.611800428398322]
[77.21473584917834, 102.11688264944615]
[76.62796764259116, 101.69847069433332, 25.547788719177237]
[76.07148381328943, 25.026546173320487, 101.28233135568065]
[75.47033154064096, 100.85010232969762, 24.615362627696484]
[75.47033154064096, 100.86844616796455, 24.409489847073985]
[74.92379171787366, 100.47503917976806, 23.600769056413466]
[74.65226688754476, 23.01372140216388, 99.65816553554582]
[74.36977284338988, 100.06550195154756]
[74.10060423270076, 99.23508454265885]
[73.51788595733578, 99.67620221143484]
[73.80856241213824, 99.69424386146943]
[72.96423795814562, 99.69424386146943]
[72.9997285103046, 98.903527522254, 20.00710518523455]
[72.20120761916407, 98.50238095977207]
[98.50238095977207, 71.94116328000067]
[98.12100806267142, 71.09879874808544]
[70.8205795393164, 97.70647187186778]
[70.04960940871436]
[69.5372653227513, 96.10544647675454]
[69.28823826078735, 95.71907877825812, 15.902608868549532]
[68.49261845649895, 95.75315949962011]
[68.50353223961362]
[68.23698872548323]
[68.25871630240829, 95.38556801766043]
[67.47659133912316, 13.0548250537542]
[95.0366582118186, 67.4873023997068]
[95.05352766823162]
[94.29364033481167]
[94.27695935102093]
[93.5086041087338]
[93.91664341425675, 64.79974130224292]
[93.94983235653768, 64.32038967142292]
[92.78094529248943, 63.82497367181555]
[63.35362269107365, 92.04439140152012]
[63.10952753425307, 92.4279488351466]
[6.676269820685638]
[90.98529252652163]
[90.60939336812105]
[90.25118179926596]
[89.91038580580008]
[89.91038580580008]
[88.82085158208812]
[88.45632168795973]
[88.48686879951312]
[87.07682414464031]
[87.07682414464031]
[87.07682414464031]
[86.7807997820623, 0.7007548567119704]
[86.13349640060757]
[85.76815496476956]
[85.79744369500308]
[85.13023634335306]
[85.13023634335306]
[84.14149327966123]
[83.47612527297184]
[82.84521179240608]
[82.16484990025435]
[82.81727592271017]
[82.49721151885717]
[82.17866848283842]
[82.55280719958577]
[82.24781197462667]
[81.25928211151788]
[81.60084238511513]
[81.30014019726465]
[79.75017511915436]
[79.44451260061899]
[79.47094357359708]
[79.48416379756515]
[78.88977831172642]
[78.90287122974546]
[77.97596500087597]
[77.3823634312148]
[76.8068155555699]
[75.89700588637012]
[76.5020942939]
[76.19882786882326]
[75.93434620033929]
[76.2488803699392]